1657455141  9427649  45745.036  9.35007  0.578962  30.21  9.350073  0.578962  58.69  -1.35  -0.52  0.07  0.75  1.72  3.6  5.25  6.6  7.79  9.22  11.47  13.64  16.04  18.21  20.01  21.66  23.98  26.01  26.38  26.83  27.28  27.8  28.48  275.11  0.545  7696.27  1  1  1
1657455141  9427650  45745.037  9.350065  0.578868  30.23  9.350066  0.578868  43.91  -0.56  -0.11  0.27  0.64  1.02  1.62  2.44  3.41  4.31  5.29  6.19  7.09  8.06  8.96  9.93  10.98  12.03  -999  -999  -999  -999  -999  13.68  266.98  0.547  7696.87  2  2  2
1657455141  9427774  45745.161  9.349934  0.578917  30.16  9.349936  0.578917  50.09  -1.35  -0.6  0  0.52  1.27  2.62  4.2  5.47  6.45  7.27  7.94  8.54  9.22  9.97  10.87  11.84  13.34  16.41  17.09  17.76  18.51  19.19  19.94  271.01  0.542  7696.87  1  1  1
1657455141  9427775  45745.162  9.349938  0.579011  30.33  9.34994  0.57901  52.07  -0.6  0.52  2.02  3.67  4.95  5.92  6.75  7.42  8.09  8.92  9.97  11.47  12.89  14.16  15.29  16.56  18.06  19.56  19.86  20.24  20.61  21.13  21.73  279.16  0.544  7695.07  1  1  1
1657455141  9427776  45745.163  9.349942  0.579104  30.8  9.349945  0.579104  57.71  -0.97  0.07  1.2  2.7  4.35  5.92  7.42  8.92  10.49  12.07  13.79  15.59  17.24  18.51  19.64  20.83  22.41  24.36  24.81  25.18  25.71  26.23  26.91  287.07  0.558  7695.07  1  1  1
1657455141  9427777  45745.164  9.349946  0.579198  30.59  9.349948  0.579197  57.72  1.05  3.3  5.4  7.34  9.67  11.92  14.09  15.89  17.16  18.14  19.04  19.79  20.46  21.21  21.96  22.78  23.76  24.96  25.33  25.63  26.08  26.53  27.13  294.47  0.582  7694.47  1  1  1
1657455141  9427778  45745.165  9.34995  0.579292  30.43  9.349952  0.579291  56.44  0.07  1.72  3.6  5.4  7.27  9.14  10.87  12.29  13.64  15.21  16.71  17.91  18.96  19.94  20.91  21.81  22.71  23.83  24.13  24.51  24.88  25.41  26.01  301.21  0.614  7693.87  1  1  1
1657455141  9427779  45745.166  9.349953  0.579386  30.6  9.349955  0.579384  54.51  0.6  2.7  4.57  6.22  7.72  8.92  10.04  11.09  12.07  13.04  14.01  14.99  15.96  16.94  17.84  18.81  20.08  21.51  21.88  22.26  22.71  23.23  23.91  307.18  0.654  7693.88  1  1  1
1657455141  9427780  45745.167  9.349957  0.579479  30.39  9.349959  0.579478  52.42  0.67  2.85  4.65  5.85  6.74  7.49  8.17  8.77  9.29  9.82  10.34  10.94  11.62  12.44  13.71  15.21  16.86  19.04  19.56  20.08  20.68  21.36  22.03  312.4  0.701  7694.48  1  1  1
1657455141  9427781  45745.168  9.349961  0.579573  30.32  9.349963  0.579571  52.51  0.07  1.72  3.6  5.02  6.07  7.04  7.87  8.77  9.74  10.72  11.62  12.52  13.49  14.61  15.89  17.24  18.66  20.08  20.38  20.76  21.13  21.58  22.18  316.95  0.752  7695.08  1  1  1
1657455141  9427782  45745.169  9.349965  0.579666  30.22  9.349967  0.579664  51.5  -0.6  0.52  1.95  3.9  5.62  7.12  8.39  9.74  10.87  11.99  13.04  14.01  14.76  15.36  16.04  16.64  17.39  18.59  18.96  19.48  20.01  20.61  21.28  320.9  0.808  7695.68  1  1  1
1657455141  9427783  45745.17  9.349969  0.57976  30.19  9.349971  0.579758  51.63  -0.75  0.15  1.27  3.15  4.87  6.59  8.24  9.59  10.64  11.54  12.59  13.64  14.61  15.51  16.34  17.16  18.14  19.33  19.63  20.01  20.38  20.83  21.43  324.34  0.866  7696.28  1  1  1
1657455141  9427784  45745.171  9.349973  0.579853  30.11  9.349975  0.579851  51.47  -1.27  -0.6  -0.07  0.45  1.05  2.17  3.67  4.8  5.7  6.52  7.34  8.32  9.82  12.07  14.24  15.96  17.46  19.03  19.41  19.86  20.31  20.76  21.36  327.33  0.927  7696.28  1  1  1
1657455141  9427862  45745.249  9.349861  0.579921  30.25  9.349862  0.57992  37.35  -0.85  -0.55  -0.25  -0.02  0.2  0.43  0.65  0.88  1.18  1.55  2.08  2.75  3.43  4.1  4.77  5.52  6.2  -999  -999  -999  -999  -999  7.1  327.98  0.985  7696.88  2  2  2
1657455141  9427863  45745.25  9.349857  0.579827  30.18  9.349857  0.579826  37.95  -0.92  -0.54  -0.24  0.06  0.28  0.51  0.81  1.11  1.48  2.01  2.6  3.35  4.03  4.7  5.38  6.05  6.8  -999  -999  -999  -999  -999  7.78  325.27  0.921  7696.88  2  2  2
1657455141  9427864  45745.251  9.349852  0.579732  30.22  9.349854  0.579731  46.14  -0.42  0.03  0.41  0.78  1.23  2.05  3.1  4.23  5.28  6.33  7.45  8.57  9.7  10.75  11.87  12.92  14.04  -999  -999  -999  -999  -999  15.92  322.17  0.86  7696.28  2  2  2
1657455141  9427865  45745.252  9.349848  0.579638  30.21  9.349849  0.579636  45.77  -0.18  0.27  0.64  1.17  1.84  2.82  3.79  4.84  5.74  6.71  7.61  8.51  9.49  10.54  11.66  12.71  13.83  -999  -999  -999  -999  -999  15.56  318.61  0.802  7696.28  2  2  2
1657455141  9427866  45745.253  9.349843  0.579544  30.23  9.349844  0.579542  43.65  -1.12  -0.22  0.52  1.42  2.47  3.45  4.27  5.02  5.62  6.22  6.74  7.19  7.72  8.17  8.69  9.22  9.97  11.02  11.32  11.69  12.22  12.74  13.41  314.5  0.748  7695.68  1  1  1
1657455141  9427867  45745.254  9.349839  0.579449  30.55  9.34984  0.579448  46.82  -0.45  0.67  1.95  3.15  4.12  5.02  5.77  6.45  7.04  7.57  8.09  8.54  8.99  9.52  10.04  10.72  11.69  13.41  13.86  14.39  14.99  15.59  16.26  309.77  0.698  7694.48  1  1  1
1657455141  9427868  45745.255  9.349834  0.579355  30.45  9.349835  0.579354  50.53  -0.9  0  0.9  2.1  3.52  4.72  5.77  6.67  7.57  8.32  9.07  9.89  10.87  11.99  13.12  14.24  15.51  17.31  17.76  18.29  18.81  19.41  20.08  304.35  0.653  7695.67  1  1  1
1657455141  9427869  45745.256  9.349829  0.57926  30.4  9.349831  0.579259  52.74  -0.52  0.75  2.32  3.75  4.87  5.77  6.6  7.34  8.09  8.84  9.59  10.34  11.24  12.44  13.86  15.59  17.46  19.41  19.86  20.38  20.98  21.58  22.33  298.19  0.616  7695.67  1  1  1
1657455141  9427870  45745.257  9.349824  0.579165  30.22  9.349826  0.579165  54.65  0.07  1.72  3.6  4.95  6  6.89  7.94  9.22  10.79  12.74  14.76  16.11  17.09  17.84  18.59  19.49  20.61  22.11  22.41  22.78  23.23  23.76  24.43  291.29  0.586  7695.07  1  1  1
1657455141  9427871  45745.258  9.349819  0.579071  30.93  9.349821  0.57907  55.21  -0.82  0.67  2.25  3.75  5.1  6.3  7.57  8.84  10.12  11.47  13.04  14.61  15.89  17.09  18.29  19.64  20.83  22.11  22.41  22.78  23.16  23.61  24.28  283.8  0.565  7695.07  1  1  1
1657455141  9427872  45745.259  9.349814  0.578976  30.19  9.349816  0.578976  52.44  -1.35  -0.67  -0.15  0.37  0.97  1.87  3.22  4.35  5.4  6.6  7.87  9.14  10.57  12.37  14.39  16.04  17.39  19.11  19.64  20.16  20.83  21.51  22.26  275.9  0.555  7696.27  1  1  1
1657455141  9427873  45745.26  9.34981  0.578882  29.96  9.349811  0.578882  44.03  -0.25  0.27  0.65  1.25  2.07  3.12  4.17  5.14  6.12  7.02  7.77  8.52  9.27  9.94  10.69  11.51  12.41  -999  -999  -999  -999  -999  14.06  267.85  0.555  7696.27  2  2  2
1657455141  9427998  45745.385  9.349674  0.578844  30.08  9.349675  0.578844  37.26  -0.77  -0.39  -0.17  0.06  0.28  0.51  0.73  1.03  1.33  1.86  2.46  3.05  3.73  4.4  5  5.68  6.28  -999  -999  -999  -999  -999  7.18  264.42  0.556  7696.27  2  2  2
1657455141  9427999  45745.386  9.349678  0.578938  30.12  9.349679  0.578938  40.09  -2.55  -1.57  -1.05  -0.6  -0.22  0.07  0.45  0.82  1.35  1.95  2.55  3.07  3.6  4.12  4.72  5.32  6.22  7.57  7.94  8.39  8.84  9.37  9.97  272.39  0.55  7696.87  1  1  1
1657455141  9428000  45745.387  9.349681  0.579031  30.34  9.349683  0.579031  52.22  -1.57  -0.82  -0.15  0.45  1.05  1.72  2.4  2.92  3.52  3.97  4.5  5.1  5.77  6.67  7.94  10.49  14.31  18.14  18.81  19.56  20.31  21.06  21.88  280.38  0.555  7696.87  1  1  1
1657455141  9428001  45745.388  9.349685  0.579125  30.06  9.349687  0.579124  52.99  -1.42  -0.67  -0.15  0.45  1.12  2.4  3.75  4.8  5.7  6.52  7.27  8.02  8.77  9.59  11.02  13.86  17.01  19.79  20.38  20.98  21.58  22.26  22.93  288.09  0.57  7696.87  1  1  1
1657455141  9428002  45745.389  9.349688  0.579219  30.29  9.34969  0.579218  49.93  -0.15  0.37  0.9  1.72  2.77  3.82  4.87  5.92  6.97  8.17  9.44  10.79  12.14  13.49  14.84  16.11  17.46  -999  -999  -999  -999  -999  19.63  295.31  0.595  7695.67  2  2  2
1657455141  9428003  45745.39  9.349692  0.579312  30.18  9.349694  0.579311  50.57  -1.5  -0.75  -0.15  0.45  1.2  2.17  3.3  4.35  5.25  6.07  6.74  7.57  8.69  10.34  12.52  14.69  16.64  18.21  18.59  18.89  19.34  19.79  20.38  301.84  0.628  7696.27  1  1  1
1657455141  9428004  45745.391  9.349697  0.579406  30.18  9.349698  0.579405  47.42  -2.1  -1.35  -0.9  -0.45  -0.15  0.22  0.6  1.05  1.65  2.47  3.3  4.12  5.1  6.07  7.12  8.62  11.17  14.16  14.76  15.36  15.96  16.56  17.24  307.66  0.669  7697.47  1  1  1
1657455141  9428005  45745.392  9.349701  0.579499  30.15  9.349701  0.579499  38.84  -2.25  -1.57  -1.12  -0.82  -0.52  -0.3  -0.07  0.22  0.45  0.75  1.05  1.5  2.17  3.07  3.9  4.8  5.77  6.89  7.19  7.49  7.87  8.24  8.69  312.76  0.715  7695.67  1  1  1
1657455141  9428006  45745.393  9.349705  0.579593  30.22  9.349705  0.579592  36.64  -0.85  -0.55  -0.25  -0.03  0.2  0.42  0.65  0.87  1.1  1.47  1.92  2.52  3.12  3.72  4.32  4.99  5.59  -999  -999  -999  -999  -999  6.42  317.21  0.767  7696.28  2  2  2
1657455141  9428007  45745.394  9.349709  0.579687  30.19  9.349709  0.579686  32.47  -1.09  -0.79  -0.64  -0.41  -0.26  -0.11  0.04  0.19  0.33  0.48  0.63  0.78  0.93  1.08  1.31  1.53  1.91  -999  -999  -999  -999  -999  2.28  321.08  0.822  7696.88  2  2  2
1657455141  9428008  45745.395  9.349712  0.57978  30.17  9.349713  0.57978  32.46  -1.31  -1.01  -0.78  -0.56  -0.33  -0.18  -0.03  0.12  0.27  0.42  0.57  0.72  0.87  1.02  1.24  1.54  1.84  -999  -999  -999  -999  -999  2.29  324.43  0.881  7696.28  2  2  2
1657455141  9428009  45745.396  9.349716  0.579874  30.21  9.349716  0.579873  32.41  -1.1  -0.87  -0.65  -0.42  -0.27  -0.12  0.03  0.18  0.25  0.4  0.55  0.7  0.85  1.07  1.22  1.52  1.82  -999  -999  -999  -999  -999  2.2  327.35  0.943  7696.88  2  2  2
1657455141  9428087  45745.474  9.349604  0.579851  30.18  9.349604  0.579851  32.39  -0.93  -0.71  -0.56  -0.33  -0.18  -0.03  0.12  0.27  0.42  0.49  0.64  0.79  0.94  1.17  1.32  1.62  1.92  -999  -999  -999  -999  -999  2.22  325.56  0.938  7696.28  2  2  2
1657455141  9428088  45745.475  9.349599  0.579757  30.22  9.349599  0.579756  32.49  -1.18  -0.88  -0.65  -0.5  -0.28  -0.13  0.02  0.17  0.32  0.47  0.54  0.69  0.92  1.07  1.29  1.59  1.89  -999  -999  -999  -999  -999  2.27  322.53  0.877  7696.28  2  2  2
1657455141  9428089  45745.476  9.349595  0.579662  30.2  9.349595  0.579662  32.56  -1.16  -0.86  -0.64  -0.49  -0.26  -0.11  0.04  0.19  0.34  0.49  0.56  0.79  0.94  1.09  1.31  1.61  1.91  -999  -999  -999  -999  -999  2.36  319.07  0.819  7696.28  2  2  2
1657455141  9428090  45745.477  9.34959  0.579568  30.22  9.34959  0.579568  32.49  -1.17  -0.94  -0.72  -0.5  -0.35  -0.2  -0.05  0.1  0.25  0.4  0.55  0.7  0.85  1  1.23  1.53  1.83  -999  -999  -999  -999  -999  2.28  315.09  0.764  7696.28  2  2  2
1657455141  9428091  45745.478  9.349585  0.579474  30.13  9.349586  0.579474  32.48  -1.17  -0.95  -0.72  -0.5  -0.27  -0.12  0.03  0.18  0.33  0.4  0.55  0.7  0.85  1.08  1.23  1.53  1.9  -999  -999  -999  -999  -999  2.35  310.52  0.713  7696.87  2  2  2
1657455141  9428092  45745.479  9.349581  0.57938  30.12  9.349581  0.57938  37.22  -0.92  -0.62  -0.32  -0.1  0.13  0.28  0.5  0.73  0.95  1.25  1.63  2.3  2.98  3.73  4.47  5.22  5.97  -999  -999  -999  -999  -999  7.1  305.3  0.668  7696.87  2  2  2
1657455141  9428093  45745.48  9.349576  0.579286  30.04  9.349577  0.579286  36.75  -0.78  -0.48  -0.26  -0.03  0.19  0.42  0.57  0.79  1.02  1.32  1.76  2.36  2.96  3.64  4.39  5.06  5.74  -999  -999  -999  -999  -999  6.71  299.37  0.629  7695.67  2  2  2
1657455141  9428094  45745.481  9.349572  0.579192  30.08  9.349572  0.579192  32.59  -1.31  -1.01  -0.71  -0.48  -0.33  -0.11  0.04  0.19  0.27  0.42  0.57  0.72  0.87  1.09  1.24  1.54  1.92  -999  -999  -999  -999  -999  2.52  292.75  0.597  7695.67  2  2  2
1657455141  9428095  45745.482  9.349567  0.579098  30.08  9.349568  0.579097  38.97  -0.85  -0.47  -0.17  0.05  0.28  0.5  0.8  1.02  1.4  2.07  2.82  3.65  4.4  5.22  6.05  6.87  7.62  -999  -999  -999  -999  -999  8.89  285.46  0.574  7696.27  2  2  2
1657455141  9428096  45745.483  9.349562  0.579004  30.1  9.349563  0.579003  37.11  -0.86  -0.56  -0.26  -0.03  0.19  0.42  0.57  0.79  1.09  1.46  1.99  2.66  3.34  3.94  4.61  5.21  5.96  -999  -999  -999  -999  -999  7.01  277.75  0.562  7695.67  2  2  2
1657455141  9428097  45745.484  9.349558  0.57891  30.22  9.349558  0.57891  37.28  -1.03  -0.65  -0.35  -0.13  0.1  0.32  0.55  0.77  1.07  1.45  1.97  2.65  3.32  4.07  4.74  5.42  6.09  -999  -999  -999  -999  -999  7.07  269.82  0.559  7696.27  2  2  2
1657455141  9428222  45745.609  9.349423  0.578876  30.21  9.349423  0.578876  32.36  -1.07  -0.85  -0.62  -0.4  -0.25  -0.1  0.05  0.2  0.35  0.42  0.57  0.72  0.87  1.1  1.25  1.55  1.85  -999  -999  -999  -999  -999  2.15  266.76  0.558  7696.27  2  2  2
1657455141  9428223  45745.61  9.349428  0.578969  30.2  9.349428  0.578969  32.35  -1.15  -0.92  -0.7  -0.47  -0.32  -0.1  0.05  0.13  0.28  0.42  0.57  0.72  0.87  1.02  1.25  1.55  1.85  -999  -999  -999  -999  -999  2.15  274.69  0.554  7695.67  2  2  2
1657455141  9428224  45745.611  9.349432  0.579062  30.25  9.349432  0.579062  32.38  -1.32  -1.09  -0.79  -0.64  -0.42  -0.27  -0.12  0.03  0.18  0.33  0.48  0.63  0.78  0.93  1.15  1.38  1.75  -999  -999  -999  -999  -999  2.13  282.55  0.562  7695.07  2  2  2
1657455141  9428225  45745.612  9.349436  0.579156  30.1  9.349436  0.579156  32.28  -6.74  -5.25  -3.9  -2.77  -2.02  -1.57  -1.2  -0.9  -0.67  -0.45  -0.3  -0.07  0.07  0.3  0.52  0.75  1.05  1.42  1.5  1.65  1.72  1.95  2.17  290.11  0.579  7699.87  1  1  1
1657455141  9428226  45745.613  9.34944  0.579249  30.16  9.34944  0.579249  32.4  -1.06  -0.76  -0.61  -0.39  -0.24  -0.09  0.06  0.21  0.36  0.51  0.66  0.81  0.96  1.11  1.34  1.56  1.86  -999  -999  -999  -999  -999  2.24  297.08  0.606  7695.67  2  2  2
1657455141  9428227  45745.614  9.349444  0.579342  30.18  9.349445  0.579342  39.68  -0.62  -0.25  0.05  0.35  0.58  0.88  1.25  1.78  2.45  3.2  3.95  4.7  5.45  6.2  6.95  7.7  8.37  -999  -999  -999  -999  -999  9.49  303.38  0.641  7695.67  2  2  2
1657455141  9428228  45745.615  9.349448  0.579436  30.25  9.349449  0.579435  38.76  -0.64  -0.34  -0.04  0.18  0.48  0.71  1.08  1.46  2.06  2.73  3.41  4.08  4.83  5.51  6.18  6.85  7.53  -999  -999  -999  -999  -999  8.5  308.95  0.683  7696.27  2  2  2
1657455141  9428229  45745.616  9.349452  0.579529  30.3  9.349452  0.579529  32.37  -1  -0.77  -0.55  -0.4  -0.25  -0.1  0.05  0.2  0.35  0.42  0.57  0.72  0.87  1.1  1.25  1.47  1.77  -999  -999  -999  -999  -999  2.07  313.83  0.731  7695.68  2  2  2
1657455141  9428230  45745.617  9.349456  0.579622  30.33  9.349456  0.579622  32.47  -1.01  -0.79  -0.64  -0.41  -0.26  -0.11  0.04  0.19  0.34  0.41  0.56  0.71  0.86  1.01  1.24  1.53  1.83  -999  -999  -999  -999  -999  2.13  318.09  0.783  7696.28  2  2  2
1657455141  9428231  45745.618  9.34946  0.579715  30.14  9.34946  0.579715  32.47  -2.7  -2.02  -1.57  -1.27  -1.05  -0.82  -0.67  -0.45  -0.3  -0.15  0  0.15  0.3  0.52  0.67  0.9  1.2  1.57  1.65  1.8  1.87  2.1  2.32  321.8  0.839  7696.28  1  1  1
1657455141  9428232  45745.619  9.349464  0.579809  30.17  9.349464  0.579808  38.56  -2.47  -1.8  -1.35  -1.05  -0.82  -0.6  -0.37  -0.15  0  0.22  0.45  0.67  0.97  1.35  1.95  3.3  4.8  6.52  6.89  7.19  7.57  7.94  8.39  325.04  0.899  7696.28  1  1  1
1657455141  9428233  45745.62  9.349468  0.579902  30.15  9.349469  0.5799  43.79  -3  -1.65  -0.97  -0.45  -0.07  0.37  0.82  1.5  2.7  3.75  4.57  5.32  6  6.67  7.34  8.17  9.22  10.94  11.47  11.92  12.51  13.04  13.64  327.87  0.96  7696.28  1  1  1
1657455141  9428311  45745.698  9.349356  0.579884  30.24  9.349358  0.579882  45.3  -1.2  -0.45  0.22  0.97  2.1  3.22  4.2  5.02  5.77  6.52  7.27  8.02  8.77  9.52  10.27  11.02  11.84  12.96  13.26  13.64  14.01  14.46  15.06  326.31  0.958  7696.88  1  1  1
1657455141  9428312  45745.699  9.349351  0.57979  30.26  9.349352  0.579789  42.53  -0.47  -0.1  0.28  0.58  0.95  1.47  2.22  3.12  3.95  4.85  5.67  6.57  7.39  8.29  9.12  10.02  10.92  -999  -999  -999  -999  -999  12.27  323.39  0.897  7696.28  2  2  2
1657455141  9428313  45745.7  9.349346  0.579696  30.28  9.349347  0.579695  42.22  -0.49  -0.12  0.18  0.55  0.85  1.3  2.05  2.88  3.7  4.6  5.43  6.25  7.15  7.97  8.87  9.7  10.6  -999  -999  -999  -999  -999  11.95  320.05  0.838  7696.88  2  2  2
1657455141  9428314  45745.701  9.349341  0.579602  30.22  9.349342  0.579601  42.96  -2.17  -1.5  -1.05  -0.67  -0.45  -0.15  0.07  0.37  0.67  1.12  1.87  3.6  5.02  6.07  7.04  7.94  8.99  10.42  10.87  11.24  11.69  12.22  12.74  316.22  0.782  7696.28  1  1  1
1657455141  9428315  45745.702  9.349336  0.579508  30.18  9.349338  0.579506  47.26  -0.24  0.21  0.66  1.11  1.94  2.99  4.11  5.23  6.28  7.41  8.46  9.51  10.55  11.6  12.8  13.93  15.13  -999  -999  -999  -999  -999  17.07  311.83  0.731  7696.27  2  2  2
1657455141  9428316  45745.703  9.349331  0.579414  30.2  9.349333  0.579413  47.21  -2.17  -1.27  -0.67  -0.22  0.15  0.6  1.27  2.55  4.2  5.47  6.52  7.34  8.17  8.99  10.04  11.39  13.04  14.76  15.14  15.51  15.96  16.41  17.01  306.81  0.684  7696.87  1  1  1
1657455141  9428317  45745.704  9.349326  0.57932  30.19  9.349328  0.579319  46.38  -1.42  -0.67  -0.15  0.3  0.9  2.02  3.75  4.95  5.77  6.45  7.04  7.64  8.17  8.77  9.52  10.49  11.84  13.56  14.01  14.46  14.99  15.51  16.19  301.11  0.643  7695.67  1  1  1
1657455141  9428318  45745.705  9.349322  0.579226  30.13  9.349323  0.579225  44.6  -1.8  -1.2  -0.82  -0.45  -0.15  0.15  0.45  0.82  1.27  2.32  3.97  5.1  6.07  6.89  7.79  8.77  10.04  11.92  12.44  12.89  13.41  13.94  14.46  294.72  0.61  7695.67  1  1  1
1657455141  9428319  45745.706  9.349316  0.579132  30.21  9.349317  0.579132  41.04  -0.49  -0.11  0.19  0.49  0.79  1.24  1.76  2.51  3.26  4.08  4.91  5.66  6.41  7.23  7.98  8.81  9.63  -999  -999  -999  -999  -999  10.83  287.69  0.585  7695.67  2  2  2
1657455141  9428320  45745.707  9.349311  0.579038  30.09  9.349312  0.579038  32.4  -0.91  -0.68  -0.46  -0.31  -0.08  0.07  0.22  0.29  0.44  0.59  0.74  0.89  1.04  1.19  1.41  1.64  2.01  -999  -999  -999  -999  -999  2.31  280.13  0.569  7696.27  2  2  2
1657455141  9428321  45745.708  9.349307  0.578944  30.15  9.349307  0.578944  32.31  -1.21  -0.91  -0.68  -0.53  -0.31  -0.16  -0.01  0.14  0.29  0.44  0.59  0.74  0.89  1.04  1.26  1.56  1.86  -999  -999  -999  -999  -999  2.16  272.32  0.564  7695.67  2  2  2
1657455141  9428322  45745.709  9.349302  0.57885  30.12  9.349302  0.57885  32.27  -1  -0.77  -0.55  -0.4  -0.25  -0.1  0.05  0.2  0.35  0.5  0.65  0.8  0.95  1.1  1.33  1.55  1.85  -999  -999  -999  -999  -999  2.15  264.5  0.569  7695.67  2  2  2
1657455141  9428446  45745.833  9.349176  0.578907  30.06  9.349177  0.578908  40.52  -0.48  -0.1  0.2  0.5  0.8  1.17  1.7  2.37  3.12  3.94  4.69  5.44  6.27  7.02  7.77  8.52  9.26  -999  -999  -999  -999  -999  10.46  269.04  0.558  7695.67  2  2  2
1657455141  9428447  45745.834  9.34918  0.579001  30.04  9.349182  0.579001  42.86  -1.87  -1.27  -0.9  -0.6  -0.3  -0.07  0.22  0.45  0.82  1.2  1.95  3.37  4.8  6  7.04  8.02  9.29  10.79  11.09  11.47  11.84  12.29  12.82  276.99  0.558  7695.67  1  1  1
1657455141  9428448  45745.835  9.349184  0.579095  30.28  9.349186  0.579095  47.07  -1.95  -1.2  -0.67  -0.22  0.15  0.6  1.12  1.87  2.85  3.9  4.87  5.85  6.82  7.87  8.99  10.19  11.54  13.71  14.31  14.91  15.51  16.11  16.79  284.82  0.568  7696.27  1  1  1
1657455141  9428449  45745.836  9.349187  0.579189  30.51  9.349189  0.579189  46.62  -1.35  -0.3  0.6  1.65  2.85  3.97  5.02  6  6.82  7.64  8.32  8.99  9.59  10.27  10.94  11.69  12.59  13.86  14.16  14.54  14.99  15.51  16.11  292.2  0.59  7695.67  1  1  1
1657455141  9428450  45745.837  9.349191  0.579283  30.43  9.349193  0.579282  48.11  1.12  3.3  5.1  6.52  7.64  8.62  9.44  10.19  10.87  11.47  11.99  12.52  13.04  13.49  14.01  14.54  15.14  15.96  16.19  16.49  16.79  17.16  17.69  298.97  0.62  7693.87  1  1  1
1657455141  9428451  45745.838  9.349195  0.579377  30.51  9.349196  0.579376  48.65  0.45  2.55  4.57  6.15  7.49  8.69  9.82  10.72  11.54  12.22  12.74  13.19  13.64  14.09  14.46  14.99  15.51  16.26  16.49  16.79  17.09  17.54  18.14  305.04  0.657  7693.28  1  1  1
1657455141  9428452  45745.839  9.349199  0.579471  30.14  9.3492  0.579469  49.55  -0.07  1.72  3.9  5.7  7.19  8.39  9.37  10.34  11.17  11.99  12.67  13.34  13.94  14.54  15.14  15.74  16.49  17.46  17.76  18.06  18.36  18.81  19.41  310.4  0.701  7694.48  1  1  1
1657455141  9428453  45745.84  9.349202  0.579564  30.08  9.349204  0.579563  49.12  -1.2  -0.52  0  0.52  1.27  2.47  3.82  5.02  6.15  7.27  8.32  9.29  10.12  11.02  11.84  12.96  14.54  16.49  16.94  17.39  17.91  18.44  19.04  315.09  0.751  7696.88  1  1  1
1657455141  9428454  45745.841  9.349206  0.579658  30.05  9.349207  0.579656  44.29  -1.8  -0.97  -0.45  0.07  0.6  1.27  2.55  4.2  5.47  6.44  7.27  7.94  8.62  9.29  9.89  10.57  11.24  12.22  12.52  12.81  13.19  13.64  14.24  319.17  0.804  7696.88  1  1  1
1657455141  9428455  45745.842  9.34921  0.579751  30.05  9.349212  0.579749  46.76  -3.07  -1.8  -1.12  -0.75  -0.37  -0.07  0.22  0.52  0.9  1.57  3.15  5.02  6.44  7.64  8.77  10.04  11.54  13.86  14.39  14.99  15.51  16.11  16.71  322.72  0.861  7699.88  1  1  1
1657455141  9428456  45745.843  9.349214  0.579845  30.1  9.349216  0.579842  49.36  -1.57  -0.37  0.67  2.17  3.97  5.32  6.67  7.87  8.99  9.82  10.49  11.09  11.69  12.29  12.96  13.94  15.21  16.79  17.16  17.61  18.06  18.58  19.26  325.83  0.921  7696.88  1  1  1
1657455141  9428457  45745.844  9.349218  0.579938  30.43  9.34922  0.579936  47.67  1.12  3.3  5.1  6.67  8.09  9.07  9.82  10.42  10.94  11.39  11.77  12.21  12.59  13.04  13.49  14.01  14.61  15.51  15.74  16.04  16.34  16.71  17.24  328.55  0.984  7693.88  1  1  1
1657455141  9428535  45745.922  9.34911  0.579918  30.17  9.349112  0.579916  48.16  -0.22  2.1  4.12  5.92  7.27  8.39  9.37  10.12  10.72  11.17  11.62  11.99  12.44  12.81  13.26  13.79  14.54  15.74  16.04  16.41  16.86  17.39  17.98  327.09  0.978  7694.48  1  1  1
1657455141  9428536  45745.923  9.349106  0.579824  30.09  9.349107  0.579822  48.08  -3.37  -1.35  -0.37  0.52  1.8  3.75  5.4  6.74  7.87  8.84  9.67  10.42  11.17  11.84  12.51  13.34  14.39  15.81  16.11  16.49  16.86  17.39  17.99  324.3  0.916  7695.08  1  1  1
1657455141  9428537  45745.924  9.349101  0.579729  30  9.349103  0.579728  47.69  -1.65  -1.05  -0.6  -0.3  0.07  0.37  0.82  1.42  2.7  4.35  5.55  6.59  7.64  8.77  10.19  11.69  13.26  15.14  15.51  15.96  16.49  17.01  17.69  321.1  0.856  7696.88  1  1  1
1657455141  9428538  45745.925  9.349096  0.579635  30.02  9.349098  0.579633  51.3  -0.97  -0.15  0.67  1.95  3.97  5.47  6.67  7.72  8.69  9.67  10.72  11.77  12.74  13.71  14.54  15.51  16.79  18.51  18.89  19.41  20.01  20.61  21.28  317.43  0.799  7696.28  1  1  1
1657455141  9428539  45745.926  9.349092  0.579541  30.38  9.349093  0.579539  50.69  0  1.72  3.45  4.95  6.15  7.12  8.02  8.77  9.52  10.27  10.94  11.62  12.29  13.04  13.94  14.84  15.89  17.46  17.91  18.44  18.96  19.63  20.31  313.21  0.746  7695.68  1  1  1
1657455141  9428540  45745.927  9.349087  0.579446  30.37  9.349089  0.579445  49.7  1.12  3.3  5.32  7.04  8.54  9.74  10.79  11.69  12.44  13.04  13.56  14.16  14.69  15.21  15.74  16.26  16.86  17.69  17.91  18.14  18.44  18.81  19.34  308.38  0.697  7693.28  1  1  1
1657455141  9428541  45745.928  9.349082  0.579352  30.18  9.349084  0.579351  49.74  2.17  4.65  6.74  8.39  9.74  10.87  11.84  12.67  13.41  14.01  14.54  14.99  15.44  15.81  16.26  16.71  17.16  17.91  18.14  18.36  18.66  19.04  19.56  302.87  0.654  7693.27  1  1  1
1657455141  9428542  45745.929  9.349077  0.579258  30.42  9.349079  0.579257  49.31  1.57  4.12  6.22  7.94  9.22  10.19  11.09  11.84  12.52  13.04  13.56  14.09  14.54  15.06  15.51  16.04  16.56  17.31  17.54  17.76  17.99  18.36  18.89  296.66  0.618  7693.27  1  1  1
1657455141  9428544  45745.931  9.349067  0.579069  30.38  9.349068  0.579069  51.21  1.35  3.52  5.25  6.52  7.64  8.69  9.67  10.57  11.47  12.37  13.27  14.01  14.69  15.36  16.04  16.71  17.54  18.66  18.96  19.26  19.71  20.16  20.83  282.3  0.573  7694.47  1  1  1
1657455141  9428545  45745.932  9.349061  0.578974  30.31  9.349063  0.578974  52.12  -0.75  0.37  1.8  3.37  4.72  5.85  6.75  7.64  8.54  9.52  10.57  11.62  12.59  13.42  14.31  15.29  16.71  18.89  19.41  19.94  20.53  21.13  21.81  274.47  0.565  7696.27  1  1  1
1657455141  9428546  45745.933  9.349056  0.57888  30.02  9.349058  0.57888  52.5  -1.05  -0.3  0.3  1.05  2.4  4.05  5.4  6.52  7.42  8.17  8.92  9.74  10.94  12.67  14.24  15.74  17.54  19.64  20.16  20.68  21.21  21.81  22.48  266.6  0.567  7695.67  1  1  1
1657455141  9428669  45746.056  9.348924  0.578852  30.03  9.348926  0.578852  51.77  2.17  4.5  6.45  8.09  9.44  10.49  11.39  12.14  12.74  13.42  14.01  14.69  15.36  16.04  16.64  17.31  18.14  19.34  19.64  20.09  20.53  21.06  21.73  264.01  0.567  7693.87  1  1  1
1657455141  9428670  45746.057  9.348928  0.578946  30.34  9.34893  0.578946  52.22  1.72  3.97  6  7.79  9.37  10.72  11.77  12.82  13.71  14.46  15.14  15.66  16.26  16.71  17.24  17.84  18.51  19.64  19.94  20.31  20.68  21.21  21.88  271.88  0.56  7693.27  1  1  1
1657455141  9428671  45746.058  9.348932  0.57904  30.43  9.348934  0.57904  52.99  1.87  4.27  6.6  8.54  10.27  11.69  12.82  13.71  14.46  15.06  15.66  16.11  16.56  17.01  17.46  17.99  18.74  20.09  20.53  20.91  21.43  21.96  22.56  279.81  0.564  7693.27  1  1  1
1657455141  9428672  45746.059  9.348936  0.579134  30.35  9.348938  0.579133  53.06  1.27  3.9  6.3  8.47  10.19  11.69  12.97  14.01  14.84  15.51  16.04  16.56  17.01  17.46  17.99  18.51  19.34  20.53  20.83  21.21  21.58  22.11  22.71  287.45  0.578  7692.67  1  1  1
1657455141  9428673  45746.06  9.34894  0.579228  30.25  9.348942  0.579227  51.46  0.97  3.67  6.15  8.39  10.19  11.69  12.89  13.94  14.69  15.29  15.74  16.19  16.56  17.01  17.39  17.91  18.44  19.26  19.56  19.79  20.16  20.61  21.21  294.6  0.602  7693.27  1  1  1
1657455141  9428674  45746.061  9.348944  0.579321  30.06  9.348946  0.57932  50.97  2.7  5.4  7.94  9.97  11.62  12.82  13.71  14.39  14.91  15.36  15.81  16.19  16.49  16.86  17.24  17.69  18.21  19.04  19.26  19.56  19.93  20.31  20.91  301.11  0.634  7693.27  1  1  1
1657455141  9428675  45746.062  9.348948  0.579415  30.18  9.34895  0.579413  51.38  2.1  4.72  7.19  8.99  10.42  11.62  12.59  13.41  14.16  14.84  15.36  15.89  16.34  16.79  17.24  17.76  18.36  19.19  19.49  19.78  20.16  20.61  21.21  306.92  0.673  7693.88  1  1  1
1657455141  9428676  45746.063  9.348953  0.579508  30.19  9.348954  0.579507  51.7  2.4  5.1  7.49  9.37  10.79  11.84  12.74  13.56  14.31  14.91  15.44  15.96  16.41  16.86  17.31  17.91  18.59  19.63  19.86  20.16  20.53  20.98  21.51  312.03  0.719  7693.28  1  1  1
1657455141  9428677  45746.064  9.348957  0.579602  30.09  9.348958  0.5796  51.75  2.32  5.1  7.49  9.44  11.02  12.22  13.11  13.86  14.39  14.91  15.36  15.81  16.19  16.56  17.01  17.54  18.14  19.11  19.48  19.93  20.38  20.98  21.66  316.51  0.77  7693.88  1  1  1
1657455141  9428678  45746.065  9.348961  0.579695  29.93  9.348962  0.579693  50.47  2.85  5.4  7.64  9.44  10.94  12.14  12.96  13.56  14.09  14.46  14.91  15.29  15.66  16.04  16.56  17.09  17.84  18.74  18.96  19.26  19.56  20.01  20.53  320.41  0.824  7693.88  1  1  1
1657455141  9428679  45746.066  9.348965  0.579789  30.04  9.348967  0.579786  50.5  1.8  4.42  6.67  8.54  10.12  11.24  12.07  12.66  13.19  13.64  14.09  14.46  14.84  15.21  15.66  16.19  16.94  18.14  18.51  18.88  19.33  19.86  20.46  323.81  0.882  7693.88  1  1  1
1657455141  9428680  45746.067  9.348969  0.579882  30.11  9.348971  0.579879  50.65  2.32  4.87  6.97  8.69  10.12  11.24  12.07  12.74  13.26  13.79  14.24  14.61  15.06  15.51  16.04  16.56  17.31  18.36  18.66  18.96  19.41  19.93  20.53  326.78  0.943  7694.48  1  1  1
1657455141  9428759  45746.146  9.348862  0.579957  29.96  9.348864  0.579954  52.52  3.6  6.74  9.44  11.47  12.89  13.86  14.69  15.29  15.81  16.34  16.79  17.24  17.69  18.06  18.58  19.11  19.71  20.61  20.83  21.13  21.43  21.96  22.56  327.89  1.003  7694.48  1  1  1
1657455141  9428760  45746.147  9.348857  0.579863  30.08  9.348859  0.57986  52.56  2.85  5.7  8.24  10.34  11.84  13.04  14.01  14.76  15.36  15.89  16.41  16.94  17.46  18.06  18.58  19.18  19.78  20.68  20.91  21.21  21.51  21.88  22.48  325.21  0.94  7693.88  1  1  1
1657455141  9428761  45746.148  9.348852  0.579768  30.09  9.348854  0.579766  52.58  1.87  4.72  7.57  9.82  11.47  12.74  13.86  14.76  15.51  16.11  16.64  17.09  17.54  17.99  18.44  18.88  19.48  20.31  20.61  20.91  21.28  21.81  22.48  322.14  0.879  7694.48  1  1  1
1657455141  9428762  45746.149  9.348847  0.579674  30  9.348849  0.579672  52.86  2.62  5.62  8.09  10.19  11.77  12.96  13.86  14.61  15.21  15.74  16.19  16.71  17.16  17.69  18.21  18.81  19.63  20.68  20.98  21.36  21.73  22.26  22.86  318.63  0.821  7694.48  1  1  1
1657455141  9428763  45746.15  9.348842  0.57958  30.09  9.348844  0.579578  53.18  2.4  5.4  7.94  10.04  11.92  13.34  14.46  15.29  15.96  16.56  17.09  17.54  17.99  18.51  19.04  19.56  20.23  21.06  21.36  21.66  21.96  22.48  23.08  314.6  0.767  7693.88  1  1  1
1657455141  9428764  45746.151  9.348837  0.579485  29.98  9.348839  0.579484  52.09  3  5.7  8.17  10.27  11.99  13.34  14.39  15.21  15.81  16.34  16.79  17.24  17.61  18.06  18.51  18.96  19.56  20.31  20.53  20.83  21.13  21.58  22.11  309.98  0.717  7693.88  1  1  1
1657455141  9428765  45746.152  9.348832  0.579391  30.12  9.348833  0.579389  51.7  2.02  4.8  7.19  9.29  11.02  12.29  13.34  14.16  14.76  15.36  15.81  16.26  16.71  17.16  17.61  18.06  18.66  19.64  19.86  20.16  20.53  20.98  21.58  304.71  0.673  7693.88  1  1  1
1657455141  9428766  45746.153  9.348826  0.579296  30.21  9.348828  0.579295  53.37  2.02  4.72  7.04  9.22  10.87  12.07  13.04  13.86  14.54  15.21  15.81  16.34  16.94  17.54  18.21  18.96  19.79  20.98  21.28  21.58  22.03  22.48  23.16  298.76  0.635  7693.87  1  1  1
1657455141  9428767  45746.154  9.348821  0.579202  30.32  9.348823  0.579201  52.88  1.8  4.2  6.6  8.62  10.19  11.47  12.82  14.16  15.14  15.96  16.64  17.16  17.76  18.21  18.74  19.26  19.86  20.76  20.98  21.21  21.58  21.96  22.56  292.12  0.604  7693.87  1  1  1
1657455141  9428768  45746.155  9.348816  0.579108  30.16  9.348818  0.579107  53.09  3.22  6.22  8.92  11.24  13.12  14.54  15.59  16.34  16.94  17.39  17.76  18.14  18.51  18.89  19.26  19.64  20.16  20.98  21.21  21.51  21.88  22.33  22.93  284.91  0.583  7693.27  1  1  1
1657455141  9428769  45746.156  9.348812  0.579013  30.24  9.348814  0.579013  53.17  2.17  5.02  7.64  10.12  12.07  13.56  14.61  15.36  15.96  16.49  16.94  17.31  17.76  18.14  18.59  19.11  19.79  20.76  21.06  21.43  21.81  22.33  22.93  277.27  0.57  7693.27  1  1  1
1657455141  9428770  45746.157  9.348807  0.578919  30.17  9.348809  0.578919  53.17  2.7  5.4  7.94  10.34  12.37  14.01  15.21  15.96  16.56  17.01  17.46  17.84  18.21  18.59  18.96  19.41  19.94  20.83  21.06  21.43  21.81  22.33  23.01  269.42  0.569  7693.27  1  1  1
1657455141  9428893  45746.28  9.348678  0.578891  29.99  9.348681  0.578891  59.52  3.67  6.6  9.14  11.62  13.71  15.44  16.79  17.91  18.74  19.41  20.01  20.53  21.06  21.58  22.18  22.86  23.98  26.16  26.76  27.43  28.1  28.78  29.53  266.89  0.564  7693.87  1  1  1
1657455141  9428894  45746.281  9.348682  0.578985  30.08  9.348684  0.578985  54.13  3.37  5.92  8.32  10.42  12.44  14.39  15.89  16.94  17.69  18.29  18.81  19.26  19.71  20.16  20.61  21.13  21.66  22.33  22.56  22.78  23.08  23.53  24.06  274.77  0.561  7693.27  1  1  1
1657455141  9428895  45746.282  9.348686  0.579078  29.97  9.348688  0.579078  54.26  2.4  5.4  7.94  10.42  12.59  14.39  15.66  16.56  17.31  17.91  18.51  18.96  19.41  19.86  20.31  20.83  21.43  22.26  22.56  22.86  23.16  23.68  24.28  282.55  0.569  7693.87  1  1  1
1657455141  9428896  45746.283  9.34869  0.579172  30.01  9.348692  0.579171  53.02  1.8  4.87  7.64  9.97  11.77  13.27  14.31  15.14  15.81  16.41  16.94  17.46  17.91  18.36  18.81  19.34  19.94  20.83  21.13  21.43  21.88  22.33  23.01  289.99  0.586  7692.67  1  1  1
1657455141  9428897  45746.284  9.348694  0.579265  30.02  9.348696  0.579264  53.7  1.42  3.9  6.07  8.09  9.89  11.32  12.44  13.41  14.24  14.99  15.66  16.34  17.01  17.76  18.44  19.19  20.01  21.28  21.66  22.03  22.48  23.01  23.68  296.89  0.613  7694.47  1  1  1
1657455141  9428898  45746.285  9.348698  0.579359  30.15  9.3487  0.579357  52.26  1.42  3.97  6.15  7.94  9.29  10.42  11.39  12.29  13.12  13.79  14.46  15.14  15.74  16.34  16.94  17.61  18.44  19.64  20.01  20.38  20.83  21.43  22.11  303.13  0.648  7694.47  1  1  1
1657455141  9428899  45746.286  9.348702  0.579452  29.95  9.348704  0.57945  53.63  2.32  5.17  7.64  9.82  11.47  12.74  13.86  14.91  15.81  16.56  17.16  17.69  18.14  18.66  19.11  19.63  20.23  21.36  21.66  22.03  22.48  23.01  23.68  308.68  0.69  7693.28  1  1  1
1657455141  9428900  45746.287  9.348706  0.579545  29.98  9.348708  0.579543  55.08  2.02  4.95  7.57  9.89  12.07  14.01  15.66  16.94  17.84  18.51  19.11  19.63  20.16  20.68  21.21  21.81  22.48  23.31  23.53  23.83  24.13  24.51  25.11  313.56  0.737  7692.08  1  1  1
1657455141  9428901  45746.288  9.34871  0.579639  30.1  9.348712  0.579636  54.46  0.82  3.22  5.85  7.94  9.52  11.02  12.44  13.71  14.76  15.74  16.49  17.24  17.91  18.59  19.26  20.01  20.91  22.11  22.41  22.78  23.23  23.68  24.36  317.82  0.789  7694.48  1  1  1
1657455141  9428902  45746.289  9.348714  0.579732  29.99  9.348716  0.579729  56.06  2.77  5.77  8.62  10.94  12.89  14.54  15.89  17.01  17.91  18.74  19.41  20.08  20.68  21.28  21.88  22.48  23.16  24.13  24.36  24.66  25.03  25.48  26.08  321.53  0.845  7693.88  1  1  1
1657455141  9428903  45746.29  9.348718  0.579825  30.08  9.348721  0.579822  57.21  3.52  6.59  9.59  12.07  13.79  15.14  16.11  16.86  17.46  17.99  18.51  18.96  19.48  20.08  20.83  21.96  23.16  24.58  24.95  25.4  25.85  26.45  27.13  324.78  0.904  7693.88  1  1  1
1657455141  9428904  45746.291  9.348723  0.579919  30.13  9.348725  0.579915  57.56  2.02  4.8  7.64  10.19  12.21  13.71  14.91  15.81  16.64  17.31  17.99  18.73  19.48  20.38  21.51  22.78  24.05  25.33  25.63  25.93  26.3  26.83  27.43  327.62  0.965  7694.48  1  1  1
1657455141  9428984  45746.371  9.348608  0.579899  30.01  9.34861  0.579895  57.29  3.67  6.89  9.74  12.06  13.86  15.14  16.04  16.79  17.31  17.84  18.21  18.66  19.11  19.63  20.23  21.21  22.93  24.73  25.1  25.48  26  26.53  27.28  325.93  0.963  7693.28  1  1  1
1657455141  9428985  45746.372  9.348603  0.579804  30.07  9.348605  0.579801  56.3  2.7  6.22  9.07  11.54  13.49  14.84  15.89  16.64  17.24  17.76  18.21  18.58  18.96  19.41  19.86  20.38  21.28  23.31  23.76  24.28  24.88  25.48  26.23  322.99  0.901  7694.48  1  1  1
1657455141  9428986  45746.373  9.348598  0.57971  30.08  9.3486  0.579708  55.26  2.55  5.62  8.62  11.24  13.34  14.84  15.96  16.86  17.54  18.06  18.59  19.03  19.48  19.93  20.46  20.98  21.66  22.71  23.08  23.46  23.91  24.51  25.18  319.64  0.843  7693.88  1  1  1
1657455141  9428987  45746.374  9.348593  0.579616  30.16  9.348595  0.579614  54.06  -1.27  -0.37  0.45  1.42  2.92  4.87  7.42  9.67  11.62  13.64  15.06  16.11  17.09  17.99  18.81  19.63  20.46  21.58  21.88  22.26  22.63  23.16  23.91  315.81  0.787  7696.28  1  1  1
1657455141  9428988  45746.375  9.348589  0.579522  30.13  9.348591  0.57952  54.11  1.12  3.75  6.45  8.92  11.02  12.52  13.56  14.39  15.21  16.04  16.86  17.69  18.36  18.96  19.56  20.23  20.91  21.88  22.18  22.48  22.86  23.38  23.98  311.44  0.736  7694.48  1  1  1
1657455141  9428989  45746.376  9.348584  0.579427  30.11  9.348586  0.579426  52.81  2.62  5.55  7.87  9.74  11.17  12.22  13.19  14.01  14.76  15.44  16.11  16.64  17.16  17.69  18.14  18.66  19.26  20.23  20.53  20.91  21.36  22.03  22.71  306.45  0.689  7693.88  1  1  1
1657455141  9428990  45746.377  9.34858  0.579333  30.22  9.348582  0.579332  56.07  1.42  4.27  6.6  8.17  9.52  10.87  12.14  13.26  14.16  14.99  15.74  16.41  17.01  17.54  18.14  18.89  20.38  22.93  23.46  23.98  24.51  25.11  25.86  300.79  0.648  7693.27  1  1  1
1657455141  9428991  45746.378  9.348575  0.579239  30.17  9.348578  0.579238  58.12  2.1  4.8  6.82  8.39  9.59  10.57  11.39  12.22  13.12  14.09  15.06  16.11  17.31  18.51  19.64  20.91  22.41  24.73  25.33  25.86  26.53  27.2  27.95  294.42  0.615  7693.87  1  1  1
1657455141  9428992  45746.379  9.34857  0.579145  30.17  9.348573  0.579144  59.48  3.15  5.92  8.24  10.34  12.07  13.49  14.69  15.81  16.79  17.91  19.11  20.38  21.66  23.01  24.06  25.03  26.01  27.2  27.5  27.8  28.18  28.7  29.3  287.44  0.59  7693.87  1  1  1
1657455141  9428993  45746.38  9.348566  0.579051  29.86  9.348568  0.579051  58.94  4.2  7.12  9.52  11.69  13.49  15.14  16.86  18.36  19.41  20.38  21.21  22.18  23.23  24.13  24.81  25.48  26.16  27.05  27.28  27.58  27.95  28.4  29.08  279.96  0.575  7693.27  1  1  1
1657455141  9428994  45746.381  9.34856  0.578958  30.02  9.348563  0.578957  57.97  2.77  5.02  6.82  8.47  10.12  11.92  13.64  15.21  16.71  17.84  18.74  19.49  20.23  20.98  21.81  22.78  24.06  25.56  25.93  26.31  26.76  27.28  27.95  272.23  0.57  7693.87  1  1  1
1657455141  9428995  45746.382  9.348555  0.578863  30  9.348558  0.578864  57.65  2.47  4.95  6.74  8.17  9.37  10.57  12.14  14.31  16.26  17.69  18.74  19.64  20.38  21.13  21.88  22.63  23.53  24.81  25.18  25.63  26.23  26.91  27.65  264.47  0.575  7693.87  1  1  1
1657455141  9429117  45746.504  9.348429  0.57893  29.62  9.348432  0.57893  58.85  3.6  6.89  9.89  12.37  14.31  15.66  16.79  17.69  18.51  19.26  20.01  20.83  21.66  22.48  23.31  24.21  25.26  26.61  26.98  27.35  27.88  28.48  29.23  269.72  0.566  7693.87  1  1  1
1657455141  9429118  45746.505  9.348434  0.579024  29.65  9.348437  0.579023  60.3  3.97  7.34  10.27  12.59  14.46  15.89  17.31  18.74  20.31  21.96  23.31  24.28  25.03  25.71  26.31  26.91  27.58  28.55  28.85  29.15  29.53  29.98  30.65  277.55  0.566  7693.27  1  1  1
1657455141  9429119  45746.506  9.348438  0.579118  29.76  9.348441  0.579117  60.72  4.27  7.49  10.49  13.04  15.51  17.69  19.49  21.21  22.71  23.83  24.66  25.33  25.93  26.46  26.98  27.5  28.18  29  29.23  29.53  29.83  30.28  30.95  285.24  0.577  7693.27  1  1  1
1657455141  9429120  45746.507  9.348443  0.579211  30.16  9.348446  0.57921  59.69  4.65  8.02  11.09  13.49  15.66  17.39  18.66  19.56  20.31  20.98  21.66  22.26  23.01  23.76  24.58  25.33  26.16  27.28  27.58  27.88  28.33  28.85  29.53  292.51  0.597  7692.67  1  1  1
1657455141  9429121  45746.508  9.348447  0.579305  30.08  9.348449  0.579303  57.81  4.5  7.49  10.04  12.07  13.86  15.44  16.94  18.29  19.56  20.76  21.81  22.63  23.31  23.83  24.36  24.88  25.41  26.16  26.31  26.53  26.83  27.2  27.73  299.18  0.627  7692.68  1  1  1
1657455141  9429122  45746.509  9.348451  0.579398  30.09  9.348454  0.579397  57.22  4.57  7.72  10.04  11.69  13.12  14.31  15.29  16.04  16.64  17.16  17.69  18.21  18.81  19.49  20.46  21.96  23.31  24.73  25.11  25.48  25.93  26.45  27.13  305.17  0.664  7693.28  1  1  1
1657455141  9429123  45746.51  9.348455  0.579492  30.17  9.348457  0.57949  52.73  3.07  6.07  8.62  10.57  12.14  13.41  14.31  15.14  15.74  16.26  16.79  17.24  17.69  18.06  18.51  19.04  19.63  20.46  20.68  21.06  21.43  21.88  22.56  310.46  0.708  7690.28  1  1  1
1657455141  9429124  45746.511  9.348459  0.579585  30.39  9.348461  0.579583  52.5  2.55  5.17  7.19  8.62  9.67  10.57  11.39  12.14  12.82  13.49  14.16  14.91  15.59  16.19  16.79  17.46  18.29  19.63  19.93  20.38  20.91  21.43  22.11  315.09  0.757  7693.88  1  1  1
1657455141  9429125  45746.512  9.348463  0.579678  30.14  9.348465  0.579676  51.95  1.95  4.5  6.52  8.17  9.44  10.57  11.69  12.59  13.34  14.01  14.61  15.21  15.74  16.26  16.86  17.54  18.44  19.63  19.93  20.31  20.68  21.21  21.81  319.13  0.811  7693.88  1  1  1
1657455141  9429126  45746.513  9.348467  0.579771  30.05  9.348469  0.579769  52.53  3.52  6.44  8.84  10.64  11.99  12.96  13.64  14.24  14.69  15.06  15.44  15.81  16.26  16.64  17.16  17.76  18.66  20.08  20.46  20.83  21.28  21.81  22.48  322.66  0.868  7692.68  1  1  1
1657455141  9429127  45746.514  9.348471  0.579864  29.86  9.348473  0.579862  53.16  3.97  7.12  9.59  11.47  12.74  13.64  14.31  14.91  15.36  15.81  16.26  16.64  17.09  17.54  18.06  18.73  19.71  20.98  21.28  21.66  22.11  22.63  23.31  325.74  0.927  7693.88  1  1  1
1657455141  9429128  45746.515  9.348476  0.579958  30.02  9.348478  0.579955  52.95  2.85  5.7  8.24  10.34  11.91  13.11  14.09  14.84  15.51  16.19  16.79  17.31  17.91  18.51  19.11  19.78  20.46  21.28  21.43  21.73  22.03  22.41  22.93  328.46  0.989  7694.48  1  1  1
1657455164  10969440  47286.838  9.338638  0.586451  30.06  9.338636  0.58647  75.05  -3.22  -2.25  -1.42  -0.82  -0.22  0.37  0.97  1.95  4.27  7.86  12.8  17.89  22.91  27.85  32.79  36.76  39.9  42.45  42.9  43.27  43.72  44.25  44.99  172.21  2.713  7702.37  1  1  1
1657455164  10969477  47286.875  9.338731  0.585511  27.98  9.338729  0.585527  56.78  -0.97  0.3  1.5  2.62  3.82  5.16  6.73  8.15  9.43  10.7  11.97  13.32  14.89  16.31  17.58  18.7  20.95  24.91  25.66  26.41  27.08  27.9  28.8  173.17  3.484  7707.23  1  1  1
1657455164  10969478  47286.876  9.338731  0.585604  25.65  9.338728  0.585625  64.48  2.24  4.94  8.01  10.77  12.87  14.81  16.53  18.26  19.75  21.32  23.79  25.36  26.41  27.31  28.21  29.1  30.3  33.74  34.79  35.76  36.81  37.78  38.83  173.04  3.407  7706.62  1  1  1
1657455164  10969480  47286.878  9.33873  0.585792  23.99  9.338728  0.585813  65.52  4.41  8.08  11.52  14.22  16.01  18.18  22.22  26.41  29.41  31.43  33.3  34.8  35.99  36.89  37.56  38.24  38.84  39.66  39.88  40.11  40.41  40.86  41.53  172.74  3.253  7704.81  1  1  1
1657455164  10969481  47286.879  9.33873  0.585886  24.8  9.338727  0.585906  65.21  -0.07  2.99  5.69  7.86  10.18  12.42  14.07  15.72  16.99  18.41  22.3  26.49  29.11  31.28  32.85  34.35  36.29  37.94  38.24  38.61  39.06  39.59  40.41  172.59  3.176  7705.4  1  1  1
1657455164  10969482  47286.88  9.33873  0.585981  25.65  9.338727  0.586  63.37  -0.97  0.6  2.1  3.52  4.94  6.51  7.93  9.28  10.48  11.38  12.12  13.02  14.59  17.21  20.96  25.3  29.19  33.23  34.05  34.95  35.85  36.75  37.72  172.42  3.099  7707.19  1  1  1
1657455164  10969483  47286.881  9.338729  0.586077  27.97  9.338727  0.586096  68.98  -3.37  -2.32  -1.5  -0.75  0  0.75  1.65  2.69  4.27  6.44  8.31  10.48  12.8  16.02  20.43  25.67  30.54  35.7  36.82  37.87  38.99  39.97  41.02  172.24  3.022  7707.79  1  1  1
1657455164  10969484  47286.882  9.33873  0.586171  28.1  9.338727  0.586187  64.56  -2.77  -1.65  -0.97  -0.37  0.22  0.82  1.65  3.44  5.99  8.46  10.63  12.8  15.87  19.09  24.03  28.14  30.54  33.01  33.53  34.21  34.88  35.55  36.45  172.05  2.946  7705.98  1  1  1
1657455164  10969485  47286.883  9.33873  0.586265  27.51  9.338727  0.586282  66.06  -1.35  -0.22  0.9  2.55  5.31  8.01  11.08  15.27  19.24  23.8  27.85  30.24  31.51  32.56  33.46  34.28  35.11  36.08  36.38  36.68  37.13  37.73  38.55  171.85  2.869  7703.58  1  1  1
1657455164  10969486  47286.884  9.33873  0.586359  28.88  9.338727  0.586379  75.52  -2.17  -1.2  -0.45  0.3  1.05  2.02  3.52  5.76  8.91  14.15  19.46  23.43  26.43  29.57  31.89  34.66  38.85  42.82  43.49  44.17  44.92  45.66  46.64  171.64  2.792  7702.97  1  1  1
1657455164  10969487  47286.885  9.338729  0.586453  28.99  9.338727  0.586473  74.8  -3.14  -2.17  -1.5  -0.9  -0.3  0.3  0.9  1.57  2.47  4.57  8.16  13.18  18.94  23.66  28.37  32.79  36.83  41.55  42.37  43.2  44.02  44.84  45.82  171.42  2.716  7704.76  1  1  1
1657455164  10969664  47287.062  9.338868  0.586472  25  9.338865  0.586493  75.68  -1.12  -0.22  0.67  1.65  2.7  4.12  6.59  10.33  14.97  19.91  25.16  29.87  34.59  38.93  41.85  44.17  46.34  48.21  48.59  48.96  49.34  49.94  50.68  171.97  2.695  7704.76  1  1  1
1657455164  10969665  47287.063  9.338868  0.586379  27.25  9.338866  0.5864  75.98  -2.62  -1.27  -0.37  0.45  1.35  2.32  3.82  7.79  12.95  17.89  23.21  28.3  33.54  38.25  41.47  43.79  45.22  46.49  46.79  47.09  47.54  47.99  48.73  172.19  2.771  7704.17  1  1  1
1657455164  10969666  47287.064  9.338869  0.586286  27.83  9.338867  0.586306  73.64  -2.62  -1.72  -1.12  -0.6  -0.07  0.37  0.9  1.5  2.32  4.04  8.91  13.32  16.09  20.06  25.45  30.47  35.71  40.87  41.84  42.89  43.87  44.76  45.81  172.4  2.847  7704.77  1  1  1
1657455164  10969667  47287.065  9.338871  0.586192  27.32  9.338868  0.586213  73.13  -2.62  -1.65  -0.9  -0.3  0.3  0.97  1.8  3.37  7.49  11.75  15.79  19.61  24.78  29.12  31.59  34.73  38.77  41.54  42.14  42.89  43.79  44.76  45.81  172.6  2.924  7702.98  1  1  1
1657455164  10969668  47287.066  9.338873  0.586098  25.96  9.33887  0.586121  75.58  1.05  3.89  7.33  10.55  13.77  17.74  22.3  27.02  30.69  33.76  36.15  38.32  40.42  41.69  42.66  43.56  44.61  46.4  46.93  47.53  48.13  48.8  49.62  172.78  3  7703.59  1  1  1
1657455164  10969669  47287.067  9.338874  0.586003  24.85  9.338871  0.586027  75.14  3.59  6.14  7.93  9.73  11.82  14.82  17.89  20.58  23.28  25.6  28.81  32.63  35.4  37.12  38.99  41.69  43.93  46.33  47  47.75  48.5  49.4  50.29  172.95  3.077  7703.59  1  1  1
1657455164  10969670  47287.068  9.338875  0.585909  25.59  9.338873  0.585928  64.35  1.2  3.89  6.66  8.76  10.63  13.25  16.76  19.68  22.08  23.8  25  26.04  27.02  27.91  28.74  29.93  32.85  35.7  36.22  36.74  37.34  37.94  38.76  173.12  3.154  7704.8  1  1  1
1657455164  10969671  47287.069  9.338877  0.585816  27.7  9.338874  0.585835  64.82  -2.84  -1.8  -0.9  -0.07  0.67  1.57  2.84  5.54  8.23  11.82  16.46  20.58  23.57  26.12  28.96  31.35  33.08  34.65  34.95  35.32  35.77  36.29  37.12  173.28  3.231  7706.61  1  1  1
1657455164  10969672  47287.07  9.338878  0.585723  28.71  9.338876  0.585741  63.96  -3.52  -2.1  -1.12  -0.37  0.37  1.2  2.32  4.34  5.99  7.78  10.77  14.52  16.76  18.33  20.5  23.49  26.49  30.75  31.65  32.55  33.37  34.27  35.24  173.43  3.307  7707.81  1  1  1
1657455164  10969673  47287.071  9.338879  0.58563  30.34  9.338876  0.585653  74.18  0  2.84  4.71  6.36  8.38  10.77  12.49  13.77  15.04  16.16  17.13  18.03  19.38  21.7  24.69  29.7  34.34  39.21  40.18  41.08  41.97  42.87  43.84  173.58  3.384  7704.22  1  1  1
1657455164  10969674  47287.072  9.33888  0.585537  32.4  9.338877  0.58556  74.67  -1.87  0.97  3.82  6.28  8.23  9.8  11.07  12.19  13.32  14.36  15.34  16.31  17.43  18.93  22.22  27.38  32.62  37.63  38.53  39.43  40.4  41.3  42.27  173.72  3.461  7704.23  1  1  1
1657455164  10969703  47287.101  9.338967  0.585726  28  9.338964  0.58575  74.69  -1.27  -0.37  0.6  1.57  2.69  3.82  4.79  5.76  6.73  7.86  9.73  13.77  17.73  23.05  28.88  33.6  38.46  42.35  43.1  43.85  44.67  45.57  46.69  172.59  3.311  7708.41  1  1  1
1657455164  10969704  47287.102  9.338967  0.585819  26.6  9.338964  0.585841  70.23  -1.72  -0.82  0  0.82  1.72  2.99  4.94  7.11  8.38  9.43  10.48  12.12  14.52  17.59  22.52  27.31  32.7  38.16  39.36  40.41  41.46  42.5  43.63  172.43  3.233  7708.4  1  1  1
1657455164  10969705  47287.103  9.338967  0.585913  25.63  9.338965  0.585928  56.09  -0.82  0.67  2.25  4.04  5.91  7.63  8.76  9.58  10.33  11.08  12.12  13.84  15.49  17.21  19.76  23.12  25.74  27.76  28.14  28.59  29.11  29.71  30.46  172.25  3.156  7706  1  1  1
1657455164  10969706  47287.104  9.338967  0.586008  25.04  9.338964  0.586033  76.46  2.77  5.46  7.33  9.13  10.85  13.4  16.69  20.51  24.7  27.02  29.64  33  35.92  39.52  42.81  45.58  47.37  48.95  49.25  49.62  50.07  50.59  51.42  172.07  3.079  7705.39  1  1  1
1657455164  10969707  47287.105  9.338967  0.586104  27.01  9.338964  0.586127  76.64  4.04  8.46  13.1  17.89  22.83  27.39  31.29  34.58  37.42  39.89  41.69  43.11  44.23  45.13  45.88  46.55  47.15  47.9  48.05  48.28  48.58  48.95  49.62  171.88  3.002  7701.79  1  1  1
1657455164  10969708  47287.106  9.338967  0.586198  26.39  9.338964  0.58622  75.26  -1.2  -0.37  0.37  1.27  2.62  5.54  9.88  15.34  20.43  25.15  29.49  32.93  35.93  38.62  40.34  41.84  43.56  45.73  46.26  46.78  47.31  47.98  48.88  171.68  2.925  7703.58  1  1  1
1657455164  10969709  47287.107  9.338967  0.586292  26.11  9.338965  0.586311  69.52  -2.17  -1.35  -0.75  -0.22  0.22  0.82  1.42  2.47  4.87  9.43  14.22  18.71  21.93  24.7  27.85  30.99  34.66  38.63  39.6  40.5  41.4  42.37  43.42  171.47  2.848  7705.37  1  1  1
1657455164  10969710  47287.108  9.338967  0.586387  26.31  9.338964  0.586407  74.15  -2.47  -1.65  -1.05  -0.52  -0.07  0.45  0.9  1.57  2.77  5.99  10.48  14.75  19.76  24.33  28.37  31.74  36.61  42.45  43.57  44.62  45.67  46.71  47.84  171.25  2.771  7705.97  1  1  1
1657455164  10969711  47287.109  9.338967  0.58648  24.73  9.338964  0.5865  71.59  -0.75  0.37  1.65  3.22  5.84  9.13  12.13  15.12  18.87  23.06  26.88  29.12  30.77  32.04  33.02  34.29  37.43  42.07  43.05  43.95  44.92  45.89  46.87  171.01  2.695  7703.56  1  1  1
1657455164  10969888  47287.286  9.339126  0.586496  24.24  9.339123  0.586513  66.69  4.12  7.71  10.03  11.83  14  17.29  20.89  23.96  26.88  29.5  31.67  32.87  33.69  34.44  35.19  36.16  37.43  39.08  39.6  40.13  40.8  41.55  42.45  171.21  2.68  7701.16  1  1  1
1657455164  10969889  47287.287  9.339127  0.586402  24.65  9.339124  0.586422  70.91  1.8  4.42  6.74  8.83  10.41  11.6  12.8  14.37  16.99  21.41  25.08  27.03  28.37  29.57  31.74  34.59  37.58  41.55  42.52  43.5  44.39  45.29  46.26  171.46  2.756  7702.97  1  1  1
1657455164  10969890  47287.288  9.339127  0.586308  24.72  9.339124  0.586329  71.5  0.6  2.84  4.57  6.21  8.91  12.5  16.54  21.18  25.6  28.45  30.39  32.41  34.06  35.33  36.53  37.88  39.82  43.04  43.72  44.39  45.14  45.89  46.79  171.7  2.833  7703.57  1  1  1
1657455164  10969891  47287.289  9.339128  0.586214  23.97  9.339125  0.586235  72.18  2.54  4.72  6.66  10.03  14.37  19.01  23.58  27.92  31.89  35.18  37.13  38.55  40.05  41.77  43.12  44.09  44.91  45.96  46.26  46.56  46.93  47.46  48.21  171.93  2.909  7704.18  1  1  1
1657455164  10969892  47287.29  9.339129  0.58612  23.85  9.339126  0.586143  74.74  6.29  10.33  14.07  17.51  21.71  25.6  28.97  32.26  35.55  37.8  39.89  41.69  43.19  44.16  44.91  45.58  46.33  47.53  47.9  48.43  49.1  49.92  50.9  172.14  2.986  7703.59  1  1  1
1657455164  10969893  47287.291  9.339129  0.586026  24.87  9.339126  0.586049  72.99  5.84  8.38  10.33  12.57  15.34  18.64  22.38  24.92  27.32  29.64  32.11  34.8  36.9  38.62  40.19  41.46  42.88  44.76  45.2  45.8  46.48  47.23  48.12  172.34  3.062  7702.39  1  1  1
1657455164  10969894  47287.292  9.33913  0.585932  25.5  9.339127  0.585954  69.43  1.87  4.79  6.81  8.53  10.1  11.67  13.02  14.22  15.49  16.76  18.41  21.4  24.1  27.32  30.01  32.7  36.22  39.89  40.56  41.31  42.13  42.96  43.93  172.53  3.139  7705.4  1  1  1
1657455164  10969895  47287.293  9.339131  0.58584  29.09  9.339128  0.585862  71.82  -0.45  2.32  4.94  7.78  9.88  11.9  14.07  16.01  18.41  20.5  22.52  24.4  26.04  27.91  29.78  31.73  35.62  39.44  40.11  40.71  41.31  41.91  42.73  172.72  3.215  7704.21  1  1  1
1657455164  10969896  47287.294  9.339131  0.585746  28.81  9.339128  0.585769  72.88  -1.2  -0.37  0.3  1.05  1.95  3.29  5.16  8.23  12.05  14.97  18.18  21.55  24.39  28.13  31.28  34.05  38.24  41.15  41.6  42.13  42.65  43.25  44.07  172.89  3.292  7704.81  1  1  1
1657455164  10969897  47287.295  9.339132  0.585652  29.52  9.339129  0.585677  76.2  -1.12  -0.22  0.6  1.65  2.84  4.19  5.76  7.78  10.7  14.52  18.63  21.1  22.67  25.36  29.18  33.07  37.86  42.35  43.25  44.07  44.97  45.79  46.69  173.06  3.368  7707.22  1  1  1
1657455164  10969926  47287.324  9.339226  0.585653  29.61  9.339223  0.585672  64.4  -2.62  -1.5  -0.75  -0.15  0.37  0.97  1.65  2.32  3.07  3.97  5.24  7.11  9.28  12.42  17.58  22.6  27.53  31.27  31.87  32.47  33.15  33.89  34.79  172.14  3.375  7707.22  1  1  1
1657455164  10969927  47287.325  9.339226  0.585748  29.64  9.339224  0.585764  62.01  -0.63  0.19  0.94  1.84  3.19  4.83  6.78  8.95  11.12  13.29  15.46  17.63  19.8  21.97  24.14  26.31  28.48  30.57  31.02  31.47  31.92  32.37  32.37  171.97  3.298  7706.61  2  2  2
1657455164  10969928  47287.326  9.339226  0.585842  28.93  9.339224  0.585856  56.31  -2.24  -0.97  0.07  1.05  2.24  3.44  4.49  5.91  8.08  10.33  12.35  14.37  16.09  17.66  18.78  19.83  21.4  24.17  24.77  25.29  25.89  26.57  27.39  171.79  3.221  7706  1  1  1
1657455164  10969929  47287.327  9.339226  0.585935  25.91  9.339223  0.585956  68.49  -0.07  2.1  4.49  7.03  9.2  10.78  12.05  13.32  14.74  16.54  18.86  20.58  21.93  23.42  25.74  28.74  33.23  38.09  38.92  39.74  40.64  41.53  42.58  171.61  3.144  7706  1  1  1
1657455164  10969930  47287.328  9.339226  0.58603  25.47  9.339223  0.586052  71.28  3.97  7.48  10.33  13.17  16.54  20.43  23.2  25.15  26.87  28.81  31.43  34.13  36.37  38.09  39.52  40.71  41.91  43.33  43.63  44.01  44.46  45.05  45.8  171.41  3.066  7703.59  1  1  1
1657455164  10969931  47287.329  9.339226  0.586125  26.06  9.339222  0.586146  72.32  4.79  9.13  13.62  18.19  22.75  26.65  29.86  32.41  34.8  36.75  38.62  40.19  41.17  41.84  42.44  42.96  43.56  44.31  44.53  44.76  45.06  45.51  46.26  171.21  2.989  7702.99  1  1  1
1657455164  10969932  47287.33  9.339226  0.586219  25.95  9.339222  0.58624  71.99  3.89  7.34  11.08  16.02  20.81  25.15  28.74  31.81  34.58  36.45  37.73  38.7  39.52  40.27  41.09  41.92  42.74  43.79  44.01  44.31  44.76  45.21  46.03  170.99  2.913  7701.78  1  1  1
1657455164  10969933  47287.331  9.339225  0.586315  29.87  9.339222  0.586334  72.39  0.6  4.34  8.53  12.8  17.14  21.33  24.03  25.98  27.85  30.09  32.26  33.91  35.26  36.75  38.1  39  39.75  40.57  40.8  41.1  41.4  41.85  42.52  170.76  2.836  7699.98  1  1  1
1657455164  10969934  47287.332  9.339225  0.586407  25.32  9.339222  0.586428  73.91  6.74  10.63  14.67  18.87  22.83  25.38  27.32  28.82  30.77  33.39  35.63  37.06  38.18  39.9  42  43.27  44.17  45.29  45.67  46.04  46.71  47.54  48.59  170.53  2.759  7696.97  1  1  1
1657455164  10969935  47287.333  9.339225  0.586502  26.55  9.339221  0.586522  75.36  4.64  8.61  12.8  16.02  18.87  20.96  22.61  24.48  26.58  28.37  30.02  31.44  32.64  33.99  35.34  36.76  40.13  44.4  45.22  46.04  46.94  47.77  48.81  170.28  2.683  7698.77  1  1  1
1657455164  10970113  47287.511  9.339382  0.586422  26.28  9.339378  0.586444  77.41  7.11  11.45  14.75  16.92  19.39  22.53  25.38  28.75  32.86  36.16  38.18  39.6  40.8  42  43.35  44.84  46.49  48.21  48.59  49.11  49.63  50.31  51.13  170.79  2.745  7698.77  1  1  1
1657455164  10970114  47287.512  9.339383  0.586328  25.71  9.339379  0.586349  73.54  5.99  9.88  13.4  15.87  17.74  19.54  22.31  25.23  27.47  29.12  30.84  33.84  36.53  38.18  39.23  40.27  41.55  43.79  44.39  45.14  45.96  46.86  47.83  171.04  2.821  7700.58  1  1  1
1657455164  10970115  47287.513  9.339384  0.586234  25.01  9.339381  0.586255  70.9  5.39  8.91  11.83  15.34  18.19  20.88  24.33  27.62  30.69  33.46  35.71  37.58  39.15  40.5  41.39  42.22  42.97  43.94  44.16  44.39  44.76  45.21  45.89  171.27  2.897  7701.78  1  1  1
1657455164  10970116  47287.514  9.339385  0.586142  28.16  9.339382  0.586161  71.04  -1.8  0.15  2.1  4.34  6.81  10.63  15.27  19.76  23.05  25.9  28.22  30.69  33.01  35.48  37.57  38.92  39.97  40.94  41.17  41.47  41.77  42.21  42.89  171.49  2.974  7705.38  1  1  1
1657455164  10970117  47287.515  9.339386  0.586046  25.45  9.339383  0.586068  70.36  0.3  2.47  4.42  6.14  7.71  9.58  11.97  14.22  17.51  21.7  25.15  27.17  28.59  29.94  31.36  33.6  36.75  40.79  41.69  42.44  43.26  44.01  44.91  171.71  3.05  7705.99  1  1  1
1657455164  10970118  47287.516  9.339387  0.585954  29.63  9.339385  0.585968  57.92  -4.34  -3.14  -2.1  -1.12  -0.22  0.67  1.5  2.39  3.22  4.12  5.24  6.74  8.68  10.78  12.87  16.24  20.28  24.17  24.92  25.67  26.49  27.39  28.29  171.91  3.127  7706.6  1  1  1
1657455164  10970119  47287.517  9.339388  0.585859  28.73  9.339387  0.585868  46.91  -4.27  -2.39  -1.5  -0.9  -0.37  0.07  0.52  1.12  1.72  2.62  3.74  5.24  6.81  9.05  11.45  12.95  14.22  15.49  15.86  16.24  16.76  17.36  18.18  172.1  3.204  7707.2  1  1  1
1657455164  10970120  47287.518  9.339389  0.585765  29.58  9.339388  0.585773  44.47  -5.31  -3.14  -2.1  -1.57  -1.12  -0.75  -0.37  0  0.3  0.67  1.05  1.5  2.1  2.84  3.74  5.09  7.26  10.92  11.67  12.5  13.24  14.07  14.89  172.29  3.28  7706.01  1  1  1
1657455164  10970121  47287.519  9.33939  0.585671  30.01  9.339389  0.585678  42.72  -2.02  -1.35  -0.9  -0.52  -0.15  0.3  0.67  1.05  1.42  1.87  2.24  2.69  3.14  3.74  4.49  5.61  7.56  9.95  10.4  10.85  11.45  12.05  12.72  172.46  3.357  7707.82  1  1  1
1657455164  10970150  47287.548  9.339482  0.585674  29.64  9.339479  0.585693  64.36  -1.72  -0.9  -0.22  0.37  1.05  1.72  2.47  3.22  4.12  4.94  5.76  6.66  7.78  9.88  14.14  19.38  24.62  29.78  30.75  31.8  32.77  33.74  34.72  171.58  3.362  7706.02  1  1  1
1657455164  10970152  47287.55  9.339482  0.585863  28.93  9.339481  0.585871  45.1  -2.47  -1.65  -1.05  -0.52  -0.07  0.37  0.9  1.35  1.95  2.54  3.22  4.04  5.09  6.51  8.23  10.4  11.97  13.54  13.92  14.29  14.82  15.42  16.16  171.19  3.208  7707.2  1  1  1
1657455164  10970153  47287.551  9.339482  0.585958  30.35  9.339481  0.585964  43.74  -3.89  -2.99  -2.17  -1.5  -0.82  -0.3  0.3  0.82  1.5  2.17  2.84  3.74  4.79  5.84  6.89  8.31  9.8  11.23  11.52  11.82  12.27  12.72  13.4  170.99  3.132  7706.6  1  1  1
1657455164  10970154  47287.552  9.339483  0.58605  25.32  9.33948  0.586067  61.47  -1.05  0.67  2.47  4.04  5.31  6.36  7.11  7.71  8.31  8.83  9.51  10.33  11.6  13.4  16.17  21.41  26.49  30.98  32.03  33.01  34.05  35.1  36.15  170.78  3.055  7707.19  1  1  1
1657455164  10970155  47287.553  9.339483  0.586144  24.71  9.339479  0.586165  70.52  0.67  3.07  4.57  5.76  6.89  7.86  8.68  9.58  10.85  13.47  18.26  22.75  27.54  31.66  34.88  36.83  38.92  41.62  42.29  43.04  43.86  44.76  45.81  170.55  2.978  7705.38  1  1  1
1657455164  10970156  47287.554  9.339483  0.586238  24.64  9.33948  0.586259  70.75  4.12  7.41  10.03  12.2  15.2  17.52  19.91  22.16  26.12  29.72  32.26  33.98  35.7  37.43  39.15  40.5  41.77  43.41  43.79  44.24  44.76  45.29  46.11  170.31  2.902  7702.38  1  1  1
1657455164  10970157  47287.555  9.339483  0.586332  24.4  9.33948  0.586352  69.91  6.36  10.78  14.67  17.67  20.14  22.08  23.73  25.23  26.5  27.77  28.97  30.32  31.81  33.16  35.11  37.8  39.67  41.85  42.37  42.97  43.72  44.54  45.51  170.06  2.826  7701.17  1  1  1
1657455164  10970158  47287.556  9.339484  0.586427  25.76  9.33948  0.586447  74.5  5.17  8.53  11.75  14.75  16.99  18.72  20.14  21.41  22.61  23.73  25.08  27.32  30.54  35.19  38.63  40.88  42.6  44.69  45.37  46.04  46.86  47.76  48.74  169.79  2.749  7700.57  1  1  1
1657455193  12969657  49287.069  9.349824  0.578838  29.74  9.349832  0.578836  43.58  -1.94  -1.12  -0.6  -0.15  0.3  0.82  1.5  2.84  4.56  5.91  6.96  7.7  8.38  8.97  9.57  10.25  11.07  12.12  12.41  12.71  13.01  13.39  13.84  282.32  3.756  7724.43  1  1  1
1657455193  12969658  49287.07  9.349731  0.578855  29.98  9.349737  0.578853  40.73  -0.46  -0.09  0.21  0.51  0.81  1.18  1.71  2.46  3.2  4.03  4.77  5.6  6.42  7.17  7.99  8.81  9.56  -999  -999  -999  -999  -999  10.76  282.27  3.833  7723.83  2  2  2
1657455193  12969659  49287.071  9.349638  0.578872  29.97  9.349643  0.578871  37.49  -0.71  -0.41  -0.11  0.11  0.34  0.64  0.86  1.16  1.53  2.06  2.66  3.33  4  4.68  5.27  5.95  6.62  -999  -999  -999  -999  -999  7.52  282.22  3.91  7725.63  2  2  2
1657455193  12969660  49287.072  9.349545  0.578889  30.16  9.349547  0.578889  32.73  -1.09  -0.87  -0.65  -0.42  -0.27  -0.05  0.1  0.25  0.4  0.55  0.7  0.85  1.07  1.3  1.52  1.82  2.2  -999  -999  -999  -999  -999  2.57  282.17  3.988  7726.83  2  2  2
1657455193  12969661  49287.073  9.349452  0.578906  29.99  9.349454  0.578906  32.53  -2.47  -1.87  -1.5  -1.2  -0.97  -0.75  -0.6  -0.37  -0.22  -0.07  0.07  0.22  0.37  0.6  0.75  0.97  1.27  1.64  1.79  1.94  2.09  2.24  2.54  282.13  4.065  7727.43  1  1  1
1657455193  12969662  49287.074  9.349359  0.578923  30.14  9.34936  0.578923  32.4  -1.03  -0.81  -0.66  -0.43  -0.28  -0.14  0.01  0.16  0.31  0.46  0.61  0.84  0.99  1.14  1.36  1.66  1.96  -999  -999  -999  -999  -999  2.26  282.08  4.142  7728.03  2  2  2
1657455193  12969663  49287.075  9.349266  0.578941  30.02  9.349268  0.578941  32.54  -1.14  -0.91  -0.69  -0.46  -0.31  -0.09  0.06  0.21  0.36  0.51  0.66  0.81  1.03  1.25  1.48  1.78  2.08  -999  -999  -999  -999  -999  2.53  282.05  4.22  7729.23  2  2  2
1657455193  12969664  49287.076  9.34928  0.579018  30.12  9.349281  0.579018  32.63  -1.23  -1  -0.7  -0.48  -0.33  -0.1  0.05  0.19  0.34  0.57  0.72  0.87  1.09  1.32  1.54  1.84  2.14  -999  -999  -999  -999  -999  2.51  282.91  4.223  7728.63  2  2  2
1657455193  12969665  49287.077  9.349372  0.579002  30.22  9.349373  0.579002  32.5  -1.31  -1.01  -0.79  -0.56  -0.41  -0.19  -0.04  0.11  0.26  0.41  0.56  0.71  0.93  1.08  1.31  1.61  1.9  -999  -999  -999  -999  -999  2.28  282.95  4.146  7728.03  2  2  2
1657455193  12969666  49287.078  9.349464  0.578986  30.23  9.349465  0.578985  32.68  -1.07  -0.84  -0.62  -0.39  -0.24  -0.09  0.06  0.21  0.36  0.5  0.65  0.8  1.03  1.18  1.4  1.7  2.07  -999  -999  -999  -999  -999  2.45  282.99  4.07  7727.43  2  2  2
1657455193  12969667  49287.079  9.349556  0.578969  30.14  9.34956  0.578968  36.55  -0.92  -0.55  -0.32  -0.03  0.2  0.42  0.65  0.87  1.17  1.47  1.92  2.52  3.11  3.71  4.31  4.91  5.58  -999  -999  -999  -999  -999  6.4  283.03  3.993  7726.83  2  2  2
1657455193  12969668  49287.08  9.349648  0.578952  29.95  9.349653  0.578951  39.15  -2.17  -1.5  -0.97  -0.6  -0.3  0  0.3  0.67  1.05  1.57  2.24  2.84  3.51  4.11  4.71  5.38  6.21  7.25  7.55  7.85  8.23  8.67  9.2  283.08  3.916  7725.63  1  1  1
1657455193  12969669  49287.081  9.34974  0.578936  30.12  9.349747  0.578934  41.94  -2.39  -1.65  -1.12  -0.75  -0.45  -0.22  0.07  0.37  0.67  1.05  1.57  2.39  3.37  4.19  5.16  6.36  7.85  9.5  9.87  10.24  10.77  11.22  11.82  283.12  3.84  7725.03  1  1  1
1657455193  12969670  49287.082  9.349832  0.57892  29.96  9.349843  0.578917  48.58  -1.57  -0.82  -0.3  0.22  0.75  1.65  3.51  5.31  6.51  7.48  8.23  8.82  9.5  10.17  10.99  11.89  13.09  15.48  16.08  16.68  17.35  17.95  18.62  283.17  3.763  7724.44  1  1  1
1657455193  12969671  49287.083  9.349924  0.578903  30.14  9.349932  0.578901  44.42  -1.57  -0.9  -0.3  0.15  0.75  1.5  2.92  4.71  6.06  7.03  7.7  8.3  8.9  9.42  10.02  10.7  11.44  12.42  12.64  12.94  13.31  13.69  14.29  283.22  3.687  7723.84  1  1  1
1657455193  12969672  49287.084  9.350016  0.578887  30.18  9.350023  0.578885  41.62  -2.39  -1.57  -1.12  -0.75  -0.45  -0.15  0.15  0.45  0.82  1.35  2.17  3.52  4.64  5.54  6.36  7.18  8.08  9.28  9.57  9.95  10.4  10.92  11.44  283.28  3.61  7723.24  1  1  1
1657455193  12969879  49287.291  9.35002  0.579036  30.61  9.350035  0.579032  58.74  -0.45  0.9  2.39  3.96  5.16  6.21  7.18  8.3  9.8  11.74  13.54  15.11  16.75  18.18  19.52  21.24  23.56  25.66  26.1  26.48  26.93  27.45  28.12  282.38  3.617  7721.44  1  1  1
1657455193  12969880  49287.292  9.349927  0.579053  30.63  9.34994  0.57905  52.77  -0.67  0.6  2.02  3.66  5.01  6.06  7.03  7.93  8.83  10.02  11.37  12.71  13.84  14.88  16.01  17.28  18.55  19.82  20.12  20.49  20.94  21.47  22.14  282.33  3.693  7723.83  1  1  1
1657455193  12969881  49287.293  9.349835  0.579071  30.81  9.349849  0.579067  54.81  -0.67  0.75  2.39  3.96  5.38  6.73  8  9.27  10.4  11.67  13.09  14.36  15.41  16.38  17.35  18.62  20.04  21.69  21.99  22.44  22.88  23.33  24.01  282.28  3.77  7723.83  1  1  1
1657455193  12969882  49287.294  9.349743  0.579088  31.44  9.349757  0.579085  54.85  -2.02  -0.9  0.15  1.2  2.09  2.99  3.81  4.56  5.38  6.28  7.48  9.5  11.89  14.13  16.3  17.95  19.52  21.01  21.39  21.76  22.21  22.73  23.41  282.24  3.847  7725.03  1  1  1
1657455193  12969883  49287.295  9.34965  0.579106  29.93  9.349662  0.579103  49.59  -1.64  -1.05  -0.52  -0.15  0.3  0.75  1.35  2.47  3.74  4.71  5.61  6.36  7.25  8.08  9.05  10.32  12.94  16.38  17.05  17.72  18.32  18.99  19.67  282.2  3.924  7726.23  1  1  1
1657455193  12969884  49287.296  9.349557  0.579124  30.05  9.349562  0.579123  37.17  -0.8  -0.43  -0.21  0.09  0.32  0.54  0.84  1.14  1.51  1.96  2.56  3.16  3.83  4.43  5.03  5.63  6.3  -999  -999  -999  -999  -999  7.12  282.17  4.001  7726.23  2  2  2
1657455193  12969885  49287.297  9.349465  0.579142  30.21  9.349467  0.579142  32.57  -1.01  -0.78  -0.63  -0.41  -0.26  -0.11  0.04  0.26  0.41  0.56  0.71  0.86  1.01  1.24  1.46  1.68  2.06  -999  -999  -999  -999  -999  2.36  282.13  4.078  7726.83  2  2  2
1657455193  12969886  49287.298  9.349373  0.57916  30.12  9.349378  0.579159  38.04  -2.47  -1.79  -1.42  -1.12  -0.9  -0.67  -0.45  -0.22  -0.07  0.15  0.3  0.52  0.75  1.05  1.42  2.09  3.89  5.83  6.28  6.65  7.03  7.48  7.92  282.1  4.155  7728.03  1  1  1
1657455193  12969887  49287.299  9.34928  0.579178  30.23  9.34929  0.579177  44.21  -1.79  -1.12  -0.67  -0.3  0  0.37  0.75  1.2  2.02  3.36  4.41  5.31  6.13  6.95  7.85  8.74  9.87  11.51  11.96  12.41  12.93  13.38  13.98  282.08  4.232  7729.23  1  1  1
1657455193  12969888  49287.3  9.349295  0.579256  30.39  9.349304  0.579254  45.41  -1.42  -0.75  -0.22  0.3  0.82  1.72  3.21  4.26  5.08  5.76  6.35  6.95  7.55  8.15  8.89  9.79  11.06  12.71  13.08  13.53  13.98  14.43  15.02  282.94  4.234  7728.03  1  1  1
1657455193  12969889  49287.301  9.349387  0.57924  30.12  9.349392  0.579239  39.09  -2.24  -1.64  -1.27  -0.97  -0.75  -0.52  -0.37  -0.15  0  0.22  0.45  0.67  0.9  1.27  1.87  3.36  5.23  6.95  7.33  7.7  8.15  8.52  8.97  282.99  4.158  7728.03  1  1  1
1657455193  12969890  49287.302  9.349479  0.579224  30.11  9.34948  0.579224  32.58  -2.84  -2.09  -1.64  -1.35  -1.05  -0.82  -0.67  -0.52  -0.3  -0.15  0  0.15  0.3  0.52  0.67  0.9  1.2  1.57  1.72  1.87  2.02  2.17  2.47  283.03  4.081  7727.43  1  1  1
1657455193  12969891  49287.303  9.349571  0.579208  30.1  9.349572  0.579207  32.46  -1.09  -0.86  -0.64  -0.41  -0.26  -0.11  0.11  0.26  0.41  0.56  0.71  0.86  1.01  1.23  1.46  1.68  2.06  -999  -999  -999  -999  -999  2.35  283.08  4.005  7726.83  2  2  2
1657455193  12969892  49287.304  9.349663  0.579191  30.09  9.349675  0.579188  49.16  -1.87  -1.27  -0.9  -0.6  -0.3  0  0.3  0.6  0.97  1.5  2.69  4.34  5.76  7.1  8.52  10.09  12.79  16  16.6  17.27  17.87  18.47  19.07  283.12  3.928  7725.63  1  1  1
1657455193  12969893  49287.305  9.349755  0.579175  30.11  9.34977  0.579171  54.78  -1.35  -0.52  0.22  0.97  2.02  3.14  4.26  5.31  6.43  7.55  9.12  11.29  13.68  16.08  17.65  19.07  20.64  22.21  22.58  22.96  23.48  24  24.68  283.17  3.851  7725.63  1  1  1
1657455193  12969894  49287.306  9.349848  0.579158  30.2  9.349862  0.579154  54.81  0.75  2.99  4.79  6.06  7.03  8.08  9.12  10.32  11.52  13.01  14.81  16.23  17.28  18.1  18.92  19.82  21.01  22.44  22.73  23.11  23.48  24.01  24.6  283.21  3.775  7722.64  1  1  1
1657455193  12969895  49287.307  9.34994  0.579141  31.01  9.349956  0.579137  57.94  -0.67  0.67  2.17  3.81  5.46  7.18  8.83  10.4  12.19  14.06  15.71  17.13  18.25  19.22  20.19  21.39  22.89  24.61  24.98  25.35  25.8  26.33  26.93  283.26  3.698  7722.64  1  1  1
1657455193  12969896  49287.308  9.350033  0.579124  30.97  9.350048  0.57912  58.57  -0.45  0.9  2.54  4.56  6.51  8.6  10.55  12.49  14.36  16.31  18.03  19.3  20.49  21.69  22.81  23.64  24.53  25.51  25.81  26.1  26.48  26.93  27.6  283.3  3.621  7722.04  1  1  1
1657455193  12970103  49287.515  9.350037  0.579277  33.49  9.350051  0.579274  57.5  -1.12  1.05  3.59  6.21  8.83  11  12.87  14.36  15.56  16.46  17.13  17.73  18.25  18.77  19.3  19.9  20.57  21.62  21.92  22.29  22.74  23.34  24.01  282.47  3.628  7720.84  1  1  1
1657455193  12970104  49287.516  9.349943  0.579295  30.12  9.349959  0.579292  57.05  0  1.57  3.52  5.38  7.4  9.5  11.37  12.86  14.51  16.23  17.65  18.85  19.89  20.79  21.69  22.59  23.56  24.68  24.98  25.35  25.8  26.25  26.92  282.42  3.705  7722.64  1  1  1
1657455193  12970105  49287.517  9.349852  0.579312  30.53  9.349865  0.579309  53.78  -0.9  0.15  1.35  2.92  4.34  5.53  6.51  7.4  8.3  9.12  10.1  11.07  12.12  13.24  14.51  15.93  17.8  20.19  20.72  21.31  21.91  22.51  23.26  282.37  3.781  7723.83  1  1  1
1657455193  12970106  49287.518  9.34976  0.57933  30.83  9.349771  0.579327  49.6  -0.9  0.52  1.87  2.92  3.74  4.49  5.08  5.68  6.28  6.95  7.63  8.52  9.57  10.77  12.04  13.39  14.73  16.38  16.75  17.12  17.57  18.1  18.77  282.33  3.857  7725.03  1  1  1
1657455193  12970107  49287.519  9.349668  0.579347  29.94  9.34968  0.579345  50.28  -2.17  -1.2  -0.67  -0.22  0.22  0.75  1.35  2.39  3.59  4.71  5.68  6.51  7.4  8.45  10.17  12.79  15.48  17.87  18.32  18.77  19.22  19.74  20.34  282.29  3.934  7726.83  1  1  1
1657455193  12970108  49287.52  9.349576  0.579364  30.14  9.349581  0.579363  37.5  -0.79  -0.41  -0.11  0.11  0.41  0.63  0.93  1.23  1.61  2.13  2.73  3.4  4  4.6  5.27  5.87  6.54  -999  -999  -999  -999  -999  7.36  282.24  4.01  7726.23  2  2  2
1657455193  12970109  49287.521  9.349484  0.579382  30.13  9.349486  0.579381  32.6  -3.14  -2.32  -1.79  -1.42  -1.12  -0.9  -0.75  -0.52  -0.37  -0.22  -0.07  0.15  0.3  0.45  0.67  0.9  1.2  1.57  1.72  1.87  2.02  2.17  2.47  282.2  4.087  7727.43  1  1  1
1657455193  12970110  49287.522  9.349392  0.579399  30.18  9.349399  0.579397  40.87  -2.39  -1.64  -1.2  -0.82  -0.52  -0.3  -0.07  0.22  0.45  0.75  1.12  1.64  2.92  4.49  5.61  6.73  7.7  8.9  9.19  9.49  9.87  10.24  10.69  282.16  4.163  7728.03  1  1  1
1657455193  12970111  49287.523  9.3493  0.579416  30.39  9.349311  0.579414  47.06  -1.64  -0.75  -0.15  0.45  1.27  2.62  4.11  5.23  6.2  7.1  7.85  8.67  9.57  10.54  11.51  12.56  13.6  14.8  15.1  15.4  15.7  16.14  16.67  282.12  4.24  7728.63  1  1  1
1657455193  12970112  49287.524  9.349314  0.579494  30.12  9.349325  0.579491  46.71  -1.64  -1.12  -0.67  -0.37  -0.07  0.22  0.6  0.97  1.57  2.91  4.93  6.43  7.62  8.67  9.64  10.84  12.41  14.35  14.72  15.17  15.55  16.07  16.59  282.98  4.242  7726.83  1  1  1
1657455193  12970113  49287.525  9.349407  0.579477  30.25  9.349413  0.579475  39.63  -0.78  -0.33  -0.03  0.27  0.56  0.86  1.24  1.76  2.43  3.18  3.93  4.6  5.35  6.1  6.84  7.59  8.34  -999  -999  -999  -999  -999  9.38  283.02  4.165  7728.03  2  2  2
1657455193  12970114  49287.526  9.349499  0.57946  30.16  9.349501  0.579459  32.55  -2.84  -2.17  -1.72  -1.35  -1.12  -0.9  -0.67  -0.52  -0.37  -0.22  0  0.15  0.3  0.45  0.67  0.9  1.2  1.57  1.64  1.79  1.94  2.09  2.39  283.05  4.088  7727.43  1  1  1
1657455193  12970115  49287.527  9.349592  0.579443  30.03  9.349593  0.579442  32.57  -2.69  -2.02  -1.57  -1.27  -1.05  -0.82  -0.6  -0.45  -0.3  -0.15  0  0.22  0.37  0.52  0.75  0.97  1.27  1.64  1.79  1.94  2.09  2.24  2.54  283.09  4.011  7725.63  1  1  1
1657455193  12970116  49287.528  9.349684  0.579425  30.02  9.349691  0.579424  40.79  -2.17  -1.5  -1.05  -0.67  -0.45  -0.15  0.07  0.37  0.67  1.05  1.5  2.24  3.14  4.11  5.08  6.06  7.18  8.6  8.97  9.35  9.8  10.24  10.77  283.13  3.934  7725.63  1  1  1
1657455193  12970117  49287.529  9.349777  0.579408  30.89  9.349788  0.579406  49.06  -1.79  -0.75  0.22  1.05  1.87  2.69  3.44  4.19  4.86  5.61  6.36  7.18  8.15  9.42  10.92  12.56  14.06  15.7  16.08  16.53  16.97  17.5  18.17  283.17  3.857  7725.63  1  1  1
1657455193  12970118  49287.53  9.349869  0.579391  30.22  9.349881  0.579388  52.51  -0.82  0.07  1.05  2.47  4.04  5.31  6.43  7.48  8.38  9.12  9.8  10.62  11.67  12.86  14.21  15.63  17.35  19.37  19.82  20.34  20.94  21.61  22.29  283.21  3.781  7723.84  1  1  1
1657455193  12970119  49287.531  9.349961  0.579374  30.75  9.349975  0.579371  56.26  0.6  2.69  4.49  6.13  7.78  9.35  10.7  11.82  12.86  13.91  15.03  16.15  17.2  18.1  19.15  20.34  21.54  23.04  23.41  23.86  24.31  24.83  25.5  283.25  3.704  7722.04  1  1  1
1657455193  12970328  49287.74  9.34996  0.57953  30.37  9.349972  0.579527  52.21  0.3  2.17  4.04  5.24  6.13  6.88  7.55  8.15  8.75  9.42  10.02  10.62  11.29  12.04  13.16  14.96  17.13  19.3  19.74  20.19  20.72  21.24  21.84  282.42  3.715  7722.04  1  1  1
1657455193  12970329  49287.741  9.349867  0.579547  30.08  9.349876  0.579545  45.04  -0.45  0.75  2.09  3.37  4.41  5.23  5.91  6.51  7.03  7.48  7.93  8.38  8.75  9.2  9.65  10.25  10.99  12.34  12.71  13.24  13.76  14.28  14.96  282.37  3.792  7723.83  1  1  1
1657455193  12970330  49287.742  9.349775  0.579564  30.1  9.349782  0.579563  41.76  -2.17  -1.42  -0.9  -0.52  -0.15  0.15  0.52  0.9  1.42  2.09  2.92  3.74  4.56  5.31  6.06  6.95  8  9.5  9.87  10.24  10.69  11.14  11.67  282.32  3.869  7725.03  1  1  1
1657455193  12970331  49287.743  9.349682  0.579581  30.12  9.349687  0.57958  37.6  -2.77  -1.94  -1.5  -1.2  -0.9  -0.67  -0.45  -0.3  -0.07  0.15  0.3  0.52  0.75  1.05  1.42  2.09  3.59  5.46  5.91  6.28  6.65  7.03  7.48  282.28  3.946  7726.23  1  1  1
1657455193  12970332  49287.744  9.349589  0.579599  30.09  9.349591  0.579598  32.56  -2.77  -2.02  -1.57  -1.27  -1.05  -0.82  -0.67  -0.45  -0.3  -0.15  0  0.15  0.37  0.52  0.75  0.97  1.2  1.64  1.72  1.87  2.02  2.17  2.47  282.23  4.023  7726.83  1  1  1
1657455193  12970333  49287.745  9.349497  0.579616  30.17  9.349498  0.579616  32.56  -2.84  -2.09  -1.64  -1.35  -1.12  -0.9  -0.67  -0.52  -0.3  -0.15  0  0.15  0.3  0.52  0.67  0.9  1.2  1.57  1.72  1.79  1.94  2.17  2.39  282.19  4.1  7726.83  1  1  1
1657455193  12970334  49287.746  9.349405  0.579633  30.23  9.34941  0.579632  39.15  -0.8  -0.35  -0.05  0.25  0.55  0.84  1.14  1.67  2.26  2.94  3.68  4.36  5.11  5.85  6.53  7.2  7.95  -999  -999  -999  -999  -999  8.92  282.14  4.176  7728.63  2  2  2
1657455193  12970335  49287.747  9.349312  0.57965  30.22  9.349321  0.579649  43.37  -1.79  -1.2  -0.75  -0.45  -0.15  0.22  0.52  0.97  1.57  2.91  4.26  5.31  6.2  7.1  7.92  8.82  9.79  11.06  11.36  11.73  12.18  12.63  13.15  282.11  4.253  7729.23  1  1  1
1657455193  12970336  49287.748  9.349327  0.579727  30.2  9.349334  0.579726  41.24  -0.46  -0.09  0.28  0.58  0.96  1.33  1.93  2.68  3.5  4.32  5.07  5.89  6.64  7.46  8.28  9.03  9.85  -999  -999  -999  -999  -999  11.05  282.96  4.255  7729.23  2  2  2
1657455193  12970337  49287.749  9.349419  0.579711  30.17  9.349421  0.57971  32.71  -2.47  -1.94  -1.49  -1.2  -0.97  -0.75  -0.6  -0.45  -0.22  -0.07  0.07  0.22  0.37  0.6  0.75  0.97  1.27  1.64  1.79  1.94  2.09  2.24  2.54  283  4.178  7728.03  1  1  1
1657455193  12970338  49287.75  9.349512  0.579694  30.12  9.349514  0.579693  32.52  -2.92  -2.17  -1.72  -1.35  -1.12  -0.9  -0.67  -0.52  -0.37  -0.15  0  0.15  0.3  0.52  0.67  0.9  1.2  1.57  1.72  1.79  1.94  2.17  2.39  283.04  4.101  7726.83  1  1  1
1657455193  12970339  49287.751  9.349605  0.579677  30.06  9.349606  0.579677  32.45  -3.07  -2.24  -1.72  -1.35  -1.12  -0.9  -0.67  -0.52  -0.3  -0.15  0  0.15  0.3  0.52  0.67  0.9  1.2  1.57  1.72  1.79  1.94  2.17  2.39  283.08  4.024  7726.83  1  1  1
1657455193  12970340  49287.752  9.349698  0.57966  30.11  9.349699  0.57966  32.45  -1.1  -0.88  -0.65  -0.43  -0.28  -0.05  0.09  0.24  0.39  0.54  0.69  0.84  0.99  1.22  1.44  1.66  2.04  -999  -999  -999  -999  -999  2.34  283.12  3.947  7725.63  2  2  2
1657455193  12970341  49287.753  9.349791  0.579644  30.12  9.349797  0.579642  40.44  -2.69  -1.87  -1.42  -1.05  -0.82  -0.52  -0.3  -0.07  0.07  0.3  0.6  0.82  1.2  1.72  2.99  4.86  6.58  8.3  8.67  9.05  9.42  9.87  10.32  283.17  3.869  7725.63  1  1  1
1657455193  12970342  49287.754  9.349883  0.579627  30.05  9.349894  0.579625  48.44  -1.79  -1.05  -0.45  0  0.45  1.05  1.94  3.29  4.41  5.38  6.21  6.95  7.7  8.6  9.72  11.74  13.76  15.85  16.3  16.75  17.28  17.8  18.4  283.22  3.792  7723.84  1  1  1
1657455193  12970343  49287.755  9.349976  0.57961  30.1  9.349989  0.579607  52.61  0.3  2.17  4.19  5.68  6.96  8.15  9.42  10.7  11.74  12.79  13.69  14.66  15.48  16.3  17.2  18.25  19.37  20.57  20.79  21.17  21.54  21.91  22.51  283.27  3.715  7722.64  1  1  1
1657455193  12970552  49287.964  9.349981  0.579766  29.85  9.349993  0.579763  51.53  -0.3  1.05  3.22  5.16  6.96  8.6  9.95  10.92  11.89  12.86  13.84  14.66  15.41  16.08  16.75  17.5  18.4  19.59  19.89  20.27  20.64  21.09  21.69  282.45  3.721  7723.24  1  1  1
1657455193  12970553  49287.965  9.349889  0.579783  30.09  9.349901  0.579781  51.41  -2.17  -1.42  -0.97  -0.6  -0.3  0  0.3  0.6  0.97  1.65  3.14  5.23  7.48  9.87  11.89  14.06  16.45  18.7  19.22  19.67  20.19  20.71  21.31  282.41  3.798  7724.43  1  1  1
1657455193  12970554  49287.966  9.349797  0.579801  30.26  9.349798  0.579801  32.61  -1.24  -0.94  -0.71  -0.56  -0.34  -0.19  -0.04  0.11  0.33  0.48  0.63  0.78  0.93  1.16  1.38  1.68  1.98  -999  -999  -999  -999  -999  2.35  282.36  3.875  7725.03  2  2  2
1657455193  12970555  49287.967  9.349704  0.579819  30.15  9.349706  0.579818  32.65  -1.09  -0.87  -0.64  -0.42  -0.27  -0.05  0.1  0.25  0.4  0.55  0.7  0.85  1.08  1.3  1.52  1.82  2.12  -999  -999  -999  -999  -999  2.5  282.32  3.951  7726.23  2  2  2
1657455193  12970556  49287.968  9.349612  0.579836  30.13  9.349614  0.579836  32.68  -2.62  -1.94  -1.57  -1.27  -1.05  -0.82  -0.6  -0.45  -0.3  -0.15  0  0.15  0.37  0.52  0.75  0.97  1.27  1.64  1.79  1.87  2.09  2.24  2.54  282.28  4.028  7725.63  1  1  1
1657455193  12970557  49287.969  9.34952  0.579854  30.17  9.349524  0.579853  37.42  -2.32  -1.72  -1.35  -1.05  -0.82  -0.6  -0.37  -0.22  0  0.15  0.37  0.6  0.82  1.12  1.5  2.32  3.81  5.46  5.76  6.13  6.5  6.8  7.25  282.24  4.105  7726.83  1  1  1
1657455193  12970558  49287.97  9.349428  0.579871  30.28  9.349436  0.57987  42.99  -2.02  -1.35  -0.82  -0.45  -0.15  0.22  0.6  1.05  1.72  2.62  3.44  4.26  5.08  5.91  6.73  7.55  8.6  10.24  10.69  11.14  11.66  12.18  12.71  282.2  4.182  7728.63  1  1  1
1657455193  12970559  49287.971  9.349336  0.579889  30.31  9.349345  0.579887  45.11  -1.27  -0.52  0.07  0.75  1.64  2.91  3.96  4.86  5.68  6.5  7.32  8.15  8.97  9.72  10.39  11.06  11.81  12.78  13.08  13.38  13.75  14.2  14.8  282.17  4.258  7728.63  1  1  1
1657455193  12970562  49287.974  9.349535  0.579933  30.16  9.349542  0.579932  41.97  -2.17  -1.5  -1.05  -0.67  -0.37  -0.15  0.15  0.37  0.67  1.05  1.57  2.54  3.89  4.93  5.83  6.8  8  9.64  10.02  10.47  10.84  11.29  11.81  283.11  4.107  7726.83  1  1  1
1657455193  12970563  49287.975  9.349627  0.579916  30.11  9.349629  0.579916  32.51  -2.92  -2.17  -1.72  -1.35  -1.12  -0.9  -0.67  -0.52  -0.37  -0.15  0  0.15  0.3  0.45  0.67  0.9  1.2  1.57  1.72  1.79  1.94  2.17  2.39  283.15  4.03  7726.83  1  1  1
1657455193  12970564  49287.976  9.34972  0.579899  30.08  9.349721  0.579899  32.48  -2.54  -1.94  -1.57  -1.27  -1.05  -0.82  -0.67  -0.45  -0.3  -0.15  0  0.15  0.3  0.52  0.67  0.9  1.2  1.57  1.72  1.79  1.94  2.17  2.39  283.19  3.953  7726.23  1  1  1
1657455193  12970565  49287.977  9.349812  0.579882  30.14  9.349814  0.579881  32.58  -0.92  -0.7  -0.48  -0.33  -0.18  -0.03  0.12  0.27  0.42  0.57  0.72  0.87  1.09  1.32  1.54  1.84  2.14  -999  -999  -999  -999  -999  2.44  283.22  3.876  7725.03  2  2  2
1657455193  12970566  49287.978  9.349905  0.579864  30.09  9.349917  0.579862  50.81  -2.09  -1.42  -0.97  -0.67  -0.37  -0.07  0.22  0.52  0.82  1.35  2.54  4.49  5.98  7.48  9.65  12.56  15.48  18.02  18.47  18.99  19.59  20.12  20.71  283.26  3.799  7725.03  1  1  1
1657455193  12970567  49287.979  9.349997  0.579847  29.91  9.350009  0.579844  51.6  -0.97  -0.07  0.75  2.09  3.74  4.94  5.98  6.88  7.78  8.97  10.69  12.49  14.06  15.33  16.45  17.5  18.55  19.74  20.04  20.34  20.72  21.09  21.69  283.31  3.722  7723.24  1  1  1
